0.0649438005627125,0.000629049200030626,-0.00038405834454771
0.0645596051547731,0.00227620578529331,-0.000373540836319529
0.0641638119719285,0.00393350178350135,-0.000346526716475705
0.0637564069067637,0.0056009457641742,-0.000302766615297257
0.0633373613988146,0.00727854613606432,-0.000242016992687365
0.0629066312896363,0.00896631114736944,-0.000164040580427249
0.0624641556068839,0.0106642488862362,-6.86068754272265e-05
0.0620098552729094,0.0123723672815262,4.45073092925289e-05
0.0615436317331105,0.0140906741038186,0.00017551722829778
0.0610653654989891,0.0158191769666247,0.000324629513547203
0.0605749146006079,0.0175578833277909,0.00049204140064563
0.0600721129428586,0.0193068004910714,0.000677939860633208
0.059556768559698,0.0210659356078482,0.000882500624988687
0.0590286617602639,0.0228352956789838,0.00110588708992375
0.0584875431605658,0.0246148875567868,0.00134824908422796
0.0579331315942727,0.0264047179470793,0.00160972148285893
0.0573651118959962,0.0282047934113476,0.00189042264612507
0.0567831325504256,0.0300151203689673,0.00219045266163783
0.056186803200725,0.0318357050994897,0.00250989136316973
0.0555756920097925,0.0336665537449774,0.0028487960970909
0.0549493228683372,0.0355076723123824,0.00320719920310753
0.0543071724443133,0.0373590666759544,0.00358510517152093
0.0536486670691093,0.0392207425796743,0.00398248743408324
0.0529731794571093,0.041092705639703,0.00439928473965296
0.0522800252569211,0.0429749613468402,0.0048353970591418
0.0515684594348081,0.0448675150689872,0.00529068095657199
0.0508376724938354,0.046770372053607,0.00576494435428879
0.0500867865361149,0.0486835374301785,0.00625794061033572
0.0493148511805516,0.0506070162126389,0.0067693618145165
0.0485208393549397,0.0525408133018108,0.00729883119653012
0.047703642989493,0.0544849334878114,0.0078458945245379
0.0468620686493761,0.0564393814524384,0.00841001035533904
0.0459948331571005,0.0584041617715328,0.00899053897769912
0.0451005592724671,0.0603792789173132,0.00958672986796757
0.0441777715189833,0.0623647372606817,0.0101977074515796
0.0432248922724765,0.0643605410734979,0.0108224549349862
0.0422402382613876,0.0663666945308206,0.0114597959395967
0.0412220176707613,0.0683832017131154,0.0121083736320617
0.0401683280955074,0.070410066608426,0.0127666270033009
0.0390771556559811,0.0724472931145104,0.0134327639018109
0.0379463756739421,0.0744948850409389,0.0141047303748146
0.0367737554141589,0.0765528461111547,0.014780175813837
0.0355569595321983,0.0786211799644961,0.0154564133398175
0.0342935590398195,0.0806998901581806,0.0161303747980149
0.0329810448154514,0.0827889801692485,0.0167985596668456
0.0316168469607583,0.0848884533964696,0.0174569771210192
0.0301983616509655,0.086998313162209,0.0181010804337333
0.0287229875665096,0.0891185627142549,0.0187256928644725
0.0271881745523914,0.0912492052276067,0.0193249241723473
0.0255914878621668,0.0933902438062257,0.0198920769415903
0.0239306922476854,0.0955416814847455,0.0204195420386123
0.0222038613066285,0.0977035212301462,0.0208986827882557
0.0204095189646583,0.0998757659433897,0.021319707934637
0.0185670063605262,0.101963604833673,0.0217040630523257
0.0167657677294265,0.10403756682305,0.0221351485087891
0.0150687960755953,0.106205482291181,0.0227214212714921
0.0143528335018925,0.108502420714086,0.022946293541073
0.0137305386030461,0.109464794474488,0.0233379041448663
0.0131229418014768,0.110425955771499,0.0237372790452432
0.0125310635872877,0.111385379973072,0.0241346154875289
0.0119546174260903,0.112342428229011,0.0245314318372289
0.0113932636590846,0.113296464197142,0.0249291731284511
0.0108466165919362,0.114246854459434,0.0253292086840009
0.0103142513524248,0.115192968933732,0.0257328303965619
0.00979571045704325,0.116134181280857,0.0261412516308297
0.00929051003572771,0.117069869306835,0.0265556067015453
0.00879814567318333,0.117999415360043,0.026976950878689
0.00831809783460183,0.118922206723039,0.0274062608686107
0.00784983685270592,0.119837635998884,0.0278444357185724
0.00739282746180065,0.120745101491752,0.0282922980919573
0.00694653287268191,0.121644007581652,0.0287505958621753
0.00651041838971023,0.122533765093068,0.029220003974927
0.00608395457799486,0.123413791657368,0.029701126530852
0.00566661999438369,0.124283512068813,0.0301944990435289
0.0052579035007832,0.125142358634016,0.0307005908311844
0.00485730618223898,0.12598977151472,0.031219807504153
0.00446434289521721,0.126825199063758,0.0317524935140002
0.00407854347368967,0.127648098154068,0.0322989347341424
0.00369945362200609,0.128457934500663,0.032859361045692
0.00332663552421761,0.12925418297544,0.0334339489060215
0.00295966819958051,0.13003632791473,0.0340228238811258
0.00259814763351156,0.130803863419507,0.0346260631262067
0.002241686712375,0.131556293648172,0.0352436978019835
0.00140013691219566,0.132308544704708,0.0359112789394729
0.000608278412218068,0.134062721554328,0.0374263277763479
-0.000164182916144298,0.135816898403948,0.038923631403604
-0.00091444375315768,0.137571075253568,0.0404063386578935
-0.00164003898850014,0.139325252103188,0.0418772898584312
-0.00233878042668343,0.141079428952808,0.0433390391190175
-0.00300870667467544,0.142833605802428,0.0447938758189012
-0.00364804203077356,0.144587782652048,0.0462438448485937
-0.00425516264668245,0.146341959501668,0.0476907654311755
-0.00482856858781545,0.148096136351288,0.0491362484393367
-0.00536686069325726,0.149850313200908,0.0505817122046423
-0.00586872135416253,0.151604490050528,0.0520283968626003
-0.00633289850097021,0.153358666900148,0.0534773773046949
-0.00664068664273699,0.155166323012313,0.0549873532953705
-0.00683171842218428,0.156102777743438,0.0556979762208054
-0.00700444891825803,0.157093159911583,0.056336028310654
-0.00715744475441367,0.158131666789254,0.0568977009574268
-0.00728942594119,0.159212193032209,0.0573796135254422
-0.00739927921617969,0.16032836402627,0.0577788340838443
-0.0074860697346075,0.161473571251342,0.0580928981625284
-0.00754905102200588,0.162641009521384,0.058319825372807
-0.00758767310911275,0.163823715936535,0.0584581337337923
-0.00760176803489504,0.164942875923733,0.0585082312392337
-0.00760176803489504,0.166356411321808,0.0585082312392338
-0.00760328794726996,0.167769946719882,0.0585194929114568
-0.00760480786470119,0.169183482117957,0.0585307545829688
-0.00760632778718652,0.170597017516032,0.0585420162537701
-0.00760784771472369,0.172010552914106,0.058553277923861
-0.00760936764731049,0.173424088312181,0.0585645395932419
-0.00761088758494469,0.174837623710255,0.0585758012619129
-0.00761240752762406,0.17625115910833,0.0585870629298745
-0.00761392747534637,0.177664694506404,0.0585983245971269
-0.0076154474281094,0.179078229904479,0.0586095862636704
-0.00761696738591091,0.180491765302553,0.0586208479295054
-0.0076184873487487,0.181905300700628,0.0586321095946322
-0.00762000731662054,0.183318836098703,0.0586433712590509
-0.00762152728952421,0.184732371496777,0.0586546329227621
-0.00762304726745749,0.186145906894852,0.0586658945857659
-0.00762456725041817,0.187559442292926,0.0586771562480626
-0.00762608723840403,0.188972977691001,0.0586884179096526
-0.00762760723141285,0.190386513089075,0.0586996795705362
-0.00762912722944242,0.19180004848715,0.0587109412307137
-0.00763064723249053,0.193213583885224,0.0587222028901854
-0.00763216724055496,0.194627119283299,0.0587334645489515
-0.00763368725363352,0.196040654681373,0.0587447262070124
-0.00763520727172399,0.197454190079448,0.0587559878643685
-0.00763672729482416,0.198867725477523,0.0587672495210199
-0.00763824732293184,0.200281260875597,0.058778511176967
-0.00763976735604481,0.201694796273672,0.0587897728322101
-0.00764128739416086,0.203108331671746,0.0588010344867495
-0.00764280743727782,0.204521867069821,0.0588122961405855
-0.00764432748539346,0.205935402467895,0.0588235577937185
-0.00764584753850559,0.20734893786597,0.0588348194461486
-0.00764736759661201,0.208762473264044,0.0588460810978762
-0.00764888765971054,0.210176008662119,0.0588573427489017
-0.00765040772779897,0.211589544060194,0.0588686043992253
-0.0076519278008751,0.213003079458268,0.0588798660488472
-0.00765344787893675,0.214416614856343,0.0588911276977679
-0.00765496796198172,0.215830150254417,0.0589023893459877
-0.00765648805000783,0.217243685652492,0.0589136509935067
-0.00765800814301288,0.218657221050566,0.0589249126403254
-0.0076595282409947,0.220070756448641,0.058936174286444
-0.00766104834395108,0.221484291846715,0.0589474359318628
-0.00766256845187986,0.22289782724479,0.0589586975765821
-0.00766408856477884,0.224311362642865,0.0589699592206022
-0.00766560868264583,0.225724898040939,0.0589812208639235
-0.00766712880547867,0.227138433439014,0.0589924825065462
-0.00766864893327517,0.228551968837088,0.0590037441484706
-0.00767016906603315,0.229965504235163,0.059015005789697
-0.00767168920375044,0.231379039633237,0.0590262674302258
-0.00767320934642486,0.232792575031312,0.0590375290700571
-0.00767472949405423,0.234206110429386,0.0590487907091914
-0.00767624964663639,0.235619645827461,0.0590600523476289
-0.00767776980416916,0.237033181225536,0.0590713139853699
-0.00767928996665035,0.23844671662361,0.0590825756224147
-0.00768081013407783,0.239860252021685,0.0590938372587636
-0.0076823303064494,0.241273787419759,0.0591050988944169
-0.0076838504837629,0.242687322817834,0.059116360529375
-0.00768537066601618,0.244100858215908,0.059127622163638
-0.00768689085320706,0.245514393613983,0.0591388837972064
-0.00768841104533337,0.246927929012057,0.0591501454300803
-0.00768993124239296,0.248341464410132,0.0591614070622601
-0.00769145144438368,0.249754999808207,0.0591726686937461
-0.00769297165130335,0.251168535206281,0.0591839303245387
-0.00769449186314983,0.252582070604356,0.059195191954638
-0.00769601207992094,0.25399560600243,0.0592064535840443
-0.00769753230161453,0.255409141400505,0.0592177152127581
-0.00769905252822847,0.256822676798579,0.0592289768407795
-0.00770057275976059,0.258236212196654,0.0592402384681089
-0.00770209299620874,0.259649747594728,0.0592515000947466
-0.00770361323757075,0.261063282992803,0.0592627617206928
-0.0077051334838445,0.262476818390877,0.0592740233459479
-0.00770665373502784,0.263890353788952,0.0592852849705121
-0.0077081739911186,0.265303889187027,0.0592965465943858
-0.00770969425211465,0.266717424585101,0.0593078082175692
-0.00771121451801383,0.268130959983176,0.0593190698400627
-0.00771273478881403,0.26954449538125,0.0593303314618664
-0.00771425506451308,0.270958030779325,0.0593415930829808
-0.00771577534510884,0.272371566177399,0.0593528547034062
-0.0077172956305992,0.273785101575474,0.0593641163231427
-0.00771881592098197,0.275198636973548,0.0593753779421908
-0.00772033621625507,0.276612172371623,0.0593866395605506
-0.00772185651641632,0.278025707769698,0.0593979011782226
-0.00772337682146361,0.279439243167772,0.0594091627952069
-0.00772489713139481,0.280852778565847,0.0594204244115039
-0.00772641744620776,0.282266313963921,0.0594316860271139
-0.00772793776590036,0.283679849361996,0.0594429476420372
-0.00772945809047046,0.28509338476007,0.059454209256274
-0.00773097841991595,0.286506920158145,0.0594654708698247
-0.00773249875423468,0.287920455556219,0.0594767324826895
-0.00773401909342454,0.289333990954294,0.0594879940948688
-0.00773553943748341,0.290747526352369,0.0594992557063627
-0.00773553943748341,0.299561326352369,0.0594992557063627
