0.0649438005627125,0.000629049200030626,0.00038405834454771
0.064559408556549,0.00227620578529331,0.000406100141818416
0.0641632065658207,0.00393350178350135,0.00044471420716602
0.0637551640226926,0.0056009457641742,0.000500149701316984
0.0633352350075395,0.00727854613606432,0.000572649743334216
0.0629033570510052,0.00896631114736944,0.000662450931041926
0.0624594498616216,0.0106642488862362,0.000769782805684533
0.0620034139742834,0.0123723672815262,0.000894867253500005
0.0615351293145952,0.0140906741038186,0.00103791783595423
0.0610544536738358,0.0158191769666247,0.00119913903932674
0.0605612210890013,0.0175578833277909,0.00137872543314235
0.0600552401221266,0.0193068004910714,0.00157686072558858
0.0595362920328234,0.0210659356078482,0.00179371670252296
0.059004128837745,0.0228352956789838,0.00202945203493123
0.0584584712504884,0.0246148875567868,0.00228421093771907
0.0578990064952925,0.0264047179470793,0.00255812166047075
0.0573253859878121,0.0282047934113476,0.00285129478825111
0.0567372228762476,0.0300151203689673,0.00316382132761673
0.0561340894362406,0.0318357050994897,0.00349577054968781
0.0555155143132166,0.0336665537449774,0.00384718755835497
0.0548809796063374,0.0355076723123824,0.00421809054738735
0.0542299177889523,0.0373590666759544,0.0046084677052928
0.0535617084614951,0.0392207425796743,0.00501827372116798
0.0528756749342377,0.041092705639703,0.00544742583836371
0.0521710806393,0.0429749613468402,0.0058957993954613
0.0514471253739561,0.0448675150689872,0.00636322278567402
0.0507029413807476,0.046770372053607,0.0068494717562006
0.0499375892744146,0.0486835374301785,0.00735426295808779
0.0491500538314639,0.0506070162126389,0.00787724664460774
0.0483392396656248,0.0525408133018108,0.00841799840179348
0.047503966821921,0.0544849334878114,0.00897600977834833
0.0466429663341249,0.0564393814524384,0.00955067766336185
0.0457548758056028,0.0584041617715328,0.0101412922388077
0.0448382350928285,0.0603792789173132,0.0107470233093142
0.0438914821951529,0.0623647372606817,0.0113669047838042
0.0429129494850686,0.0643605410734979,0.0119998170518951
0.0419008604518154,0.0663666945308206,0.012644466962015
0.0408533271798051,0.0683832017131154,0.0132993650676249
0.0397683488445938,0.070410066608426,0.013962799762384
0.0386438115863027,0.0724472931145104,0.0146328078742908
0.0374774902176757,0.0744948850409389,0.015307141232712
0.0362670523467027,0.0765528461111547,0.0159832286610007
0.0350100656487244,0.0786211799644961,0.0166581327818482
0.0337040092188596,0.0806998901581806,0.0173285009541231
0.0323462901835579,0.0827889801692485,0.017990509591461
0.0309342670642788,0.0848884533964696,0.0186398010488224
0.0294652817849522,0.086998313162209,0.01927141221095
0.0279367027212881,0.0891185627142549,0.0198796938875527
0.0263459818340643,0.0912492052276067,0.0204582201317082
0.0246907297484476,0.0933902438062257,0.0209996866771556
0.0229688136859468,0.0955416814847455,0.0214957978772678
0.0211784844866803,0.0977035212301462,0.0219371418843835
0.0193185406552804,0.0998757659433897,0.0223130544241985
0.0174069959437961,0.101963604833673,0.0226450120420329
0.0155349941102682,0.10403756682305,0.0230156408786973
0.0137690690673059,0.106205482291181,0.0235317729205482
0.0130171199210288,0.108502420714086,0.0237295344616723
0.0123741259108884,0.109464794474488,0.0240845690878244
0.0117595398386532,0.110425955771499,0.0244414246880131
0.0111624904413942,0.111385379973072,0.0247972987743685
0.0105825922224882,0.112342428229011,0.0251537823724649
0.0100194038076063,0.113296464197142,0.0255123828172484
0.00947243600680646,0.114246854459434,0.0258745214476923
0.00894115960548289,0.115192968933732,0.0262415320834836
0.00842501281047113,0.116134181280857,0.0266146602331869
0.00792340828880846,0.117069869306835,0.0269950629764029
0.0074357397483598,0.117999415360043,0.0273838094572763
0.00696138802137964,0.118922206723039,0.0277818819232993
0.00649972662374407,0.119837635998884,0.0281901772416636
0.00605012677374694,0.120745101491752,0.028609508825314
0.00561196186475006,0.121644007581652,0.0290406089021902
0.00518461139540263,0.122533765093068,0.0294841310637178
0.00476746436944843,0.123413791657368,0.0299406530322039
0.0043599221842298,0.124283512068813,0.0304106795911877
0.0039614010328334,0.125142358634016,0.0308946456277527
0.00357133384941546,0.12598977151472,0.0313929192411347
0.0031891718306398,0.126825199063758,0.0319058048774413
0.00281438556844446,0.127648098154068,0.0324335464557809
0.00244646583062578,0.128457934500663,0.0329763304564364
0.00208492402611422,0.12925418297544,0.0335342889467896
0.00172929239144194,0.13003632791473,0.0341075025254358
0.00137912393390077,0.130803863419507,0.0346960031692487
0.00103399216538502,0.131556293648172,0.0352997769720419
0.00020279956430522,0.132308544704708,0.0359379911900797
-0.000564442024186372,0.134062721554328,0.0374270145570113
-0.0013118574624454,0.135816898403948,0.0389018645783439
-0.0020368026578601,0.137571075253568,0.0403653297527346
-0.00273693432099718,0.139325252103188,0.0418199273587773
-0.00341015648535667,0.141079428952808,0.0432679215861977
-0.00405457655290437,0.142833605802428,0.0447113412425753
-0.00466846905528321,0.144587782652048,0.0461519966384875
-0.00525024568532469,0.146341959501668,0.0475914954251792
-0.00579843044061704,0.148096136351288,0.0490312572725275
-0.00631163894769024,0.149850313200908,0.0504725273495205
-0.00678856121514891,0.151604490050528,0.0519163886172104
-0.00722794720707416,0.153358666900148,0.0533637729736573
-0.00751202038077404,0.155166323012313,0.0548751062989016
-0.00769274294842299,0.156102777743438,0.0555855973937755
-0.00785438226784764,0.157093159911583,0.0562238300870531
-0.00799558152321633,0.158131666789254,0.0567859847652469
-0.00811514074161642,0.159212193032209,0.0572686674336409
-0.00821202962419198,0.16032836402627,0.0576689307206124
-0.00828539872020502,0.161473571251342,0.0579842929166212
-0.00833458885479042,0.162641009521384,0.0582127548864435
-0.00835913873030654,0.163823715936535,0.058352814692491
-0.00835898774360356,0.164942875923733,0.0584048570232158
-0.00835898774360356,0.166356411321808,0.0584048570232158
-0.00836054203528209,0.167769946719882,0.0584161140020407
-0.00836209632189875,0.169183482117957,0.058427370981536
-0.00836365060345576,0.170597017516032,0.0584386279617012
-0.00836520487995537,0.172010552914106,0.0584498849425361
-0.00836675915139979,0.173424088312181,0.0584611419240404
-0.00836831341779126,0.174837623710255,0.0584723989062139
-0.008369867679132,0.17625115910833,0.0584836558890561
-0.00837142193542426,0.177664694506404,0.0584949128725668
-0.00837297618667024,0.179078229904479,0.0585061698567457
-0.00837453043287218,0.180491765302553,0.0585174268415925
-0.0083760846740323,0.181905300700628,0.0585286838271069
-0.00837763891015281,0.183318836098703,0.0585399408132885
-0.00837919314123595,0.184732371496777,0.0585511978001372
-0.00838074736728392,0.186145906894852,0.0585624547876525
-0.00838230158829896,0.187559442292926,0.0585737117758342
-0.00838385580428325,0.188972977691001,0.058584968764682
-0.00838541001523904,0.190386513089075,0.0585962257541956
-0.00838696422116852,0.19180004848715,0.0586074827443747
-0.00838851842207393,0.193213583885224,0.0586187397352189
-0.00839007261795746,0.194627119283299,0.0586299967267281
-0.00839162680882131,0.196040654681373,0.0586412537189018
-0.00839318099466771,0.197454190079448,0.0586525107117398
-0.00839473517549886,0.198867725477523,0.0586637677052417
-0.00839628935131696,0.200281260875597,0.0586750246994074
-0.00839784352212423,0.201694796273672,0.0586862816942364
-0.00839939768792286,0.203108331671746,0.0586975386897286
-0.00840095184871506,0.204521867069821,0.0587087956858835
-0.00840250600450302,0.205935402467895,0.0587200526827009
-0.00840406015528894,0.20734893786597,0.0587313096801805
-0.00840561430107504,0.208762473264044,0.0587425666783219
-0.00840716844186349,0.210176008662119,0.058753823677125
-0.00840872257765649,0.211589544060194,0.0587650806765894
-0.00841027670845625,0.213003079458268,0.0587763376767148
-0.00841183083426496,0.214416614856343,0.0587875946775008
-0.0084133849550848,0.215830150254417,0.0587988516789473
-0.00841493907091797,0.217243685652492,0.0588101086810539
-0.00841649318176665,0.218657221050566,0.0588213656838202
-0.00841804728763303,0.220070756448641,0.0588326226872461
-0.00841960138851931,0.221484291846715,0.0588438796913312
-0.00842115548442765,0.22289782724479,0.0588551366960753
-0.00842270957536025,0.224311362642865,0.0588663937014779
-0.00842426366131931,0.225724898040939,0.0588776507075389
-0.00842581774230698,0.227138433439014,0.0588889077142579
-0.00842737181832546,0.228551968837088,0.0589001647216346
-0.00842892588937692,0.229965504235163,0.0589114217296688
-0.00843047995546354,0.231379039633237,0.0589226787383601
-0.0084320340165875,0.232792575031312,0.0589339357477083
-0.00843358807275097,0.234206110429386,0.058945192757713
-0.00843514212395612,0.235619645827461,0.058956449768374
-0.00843669617020513,0.237033181225536,0.058967706779691
-0.00843825021150018,0.23844671662361,0.0589789637916636
-0.00843980424784342,0.239860252021685,0.0589902208042916
-0.00844135827923703,0.241273787419759,0.0590014778175747
-0.00844291230568318,0.242687322817834,0.0590127348315125
-0.00844446632718403,0.244100858215908,0.0590239918461049
-0.00844602034374174,0.245514393613983,0.0590352488613514
-0.0084475743553585,0.246927929012057,0.0590465058772519
-0.00844912836203645,0.248341464410132,0.059057762893806
-0.00845068236377775,0.249754999808207,0.0590690199110134
-0.00845223636058456,0.251168535206281,0.0590802769288738
-0.00845379035245904,0.252582070604356,0.0590915339473869
-0.00845534433940336,0.25399560600243,0.0591027909665525
-0.00845689832141967,0.255409141400505,0.0591140479863703
-0.00845845229851012,0.256822676798579,0.0591253050068399
-0.00846000627067685,0.258236212196654,0.059136562027961
-0.00846156023792204,0.259649747594728,0.0591478190497335
-0.00846311420024784,0.261063282992803,0.0591590760721569
-0.00846466815765637,0.262476818390877,0.059170333095231
-0.00846622211014981,0.263890353788952,0.0591815901189555
-0.00846777605773029,0.265303889187027,0.0591928471433302
-0.00846933000039997,0.266717424585101,0.0592041041683546
-0.00847088393816098,0.268130959983176,0.0592153611940286
-0.00847243787101547,0.26954449538125,0.0592266182203518
-0.00847399179896559,0.270958030779325,0.0592378752473239
-0.00847554572201347,0.272371566177399,0.0592491322749447
-0.00847709964016124,0.273785101575474,0.0592603893032139
-0.00847865355341107,0.275198636973548,0.0592716463321311
-0.00848020746176506,0.276612172371623,0.0592829033616961
-0.00848176136522539,0.278025707769698,0.0592941603919086
-0.00848331526379416,0.279439243167772,0.0593054174227684
-0.0084848691574735,0.280852778565847,0.059316674454275
-0.00848642304626558,0.282266313963921,0.0593279314864283
-0.0084879769301725,0.283679849361996,0.0593391885192278
-0.0084895308091964,0.28509338476007,0.0593504455526735
-0.00849108468333939,0.286506920158145,0.0593617025867649
-0.00849263855260363,0.287920455556219,0.0593729596215018
-0.00849419241699123,0.289333990954294,0.0593842166568839
-0.00849574627650431,0.290747526352369,0.0593954736929108
-0.00849574627650431,0.299561326352369,0.0593954736929108
