0.0632830785907866,0.000265858825880502,0.00037423732813405
0.0629902896307739,0.00156292778037896,0.000385759968055666
0.0626901766581092,0.00286651456800151,0.000404462361618406
0.0623827327784924,0.0041766211981091,0.000430430667036288
0.062067948205162,0.00549324965000911,0.000463748969092518
0.0617458100824573,0.00681640187298365,0.000504499163223105
0.061416302301683,0.00814607978635272,0.000552760832384425
0.061079405308959,0.00948228527956954,0.000608611116098452
0.0607350959047284,0.0108250202123457,0.00067212457101643
0.0603833470345855,0.0121742864148032,0.000743373022283979
0.0600241275710687,0.0135300856876524,0.000822425404927554
0.0596574020860594,0.0148924198023915,0.000909347594413203
0.0592831306134069,0.0162612905015279,0.00100420222545319
0.0589012684013975,0.0176366994988185,0.00110704849805358
0.0585117656546694,0.0190186484795261,0.0012179419697056
0.0581145672651681,0.020407139100693,0.00133693433252468
0.0577096125317318,0.0218021729914271,0.00146407317403264
0.0572968348678843,0.0232037517532014,0.00159940172015982
0.0568761614974163,0.0246118769601644,0.00174295855891308
0.0564475131373275,0.0260265501594603,0.00189477734301289
0.0560108036677111,0.0274477728715577,0.00205488646964486
0.0555659397881609,0.0288755465905866,0.00222330873529822
0.0551128206602983,0.0303098727846812,0.00240006096347346
0.0546513375360299,0.0317507528963288,0.00258515360283143
0.0541813733711686,0.0331981883427227,0.00277859029312565
0.0537028024240872,0.03465218051612,0.00298036739600477
0.0532154898391103,0.0361127307842012,0.00319047348749138
0.0527192912144073,0.0375798404904337,0.00340888880863361
0.0522140521542146,0.0390535109544352,0.00363558467048336
0.051699607805301,0.0405337434723397,0.00387052280917664
0.0511757823776926,0.0420205393171632,0.00411365468647307
0.0506423886498016,0.0435138997391697,0.00436492073064816
0.0500992274582595,0.0450138259662365,0.00462424951211878
0.0495460871729399,0.0465203192042184,0.00489155684761377
0.0489827431578868,0.0480333806373113,0.00516674482607049
0.0484089572191348,0.0495530114284131,0.00544970074873835
0.0478244770407341,0.0510792127194834,0.0057402959751926
0.047229035610686,0.0526119856318998,0.00603838466609795
0.0466223506389635,0.0541513312668126,0.0063438024126004
0.0460041239703455,0.0556972507054961,0.00665636474115711
0.0453740409954647,0.0572497450096965,0.00697586548142345
0.0447317700642547,0.0588088152219766,0.0073020749834911
0.044076961906933,0.0603744623660575,0.0076347381692929
0.0434092490687718,0.0619466874471554,0.00797357240134305
0.0427282453662521,0.063525491452316,0.00831826515014314
0.0420335453737835,0.0651108753507433,0.00866847143953366
0.0413247239520677,0.0667028400941256,0.00902381104698196
0.040601335831444,0.0683013866169564,0.00938386543324192
0.0398629152662437,0.0699065158368518,0.00974817437296892
0.0391089757793948,0.0715182286548624,0.010116232254689
0.0383390100203553,0.073136525955782,0.01048748401497
0.0375524897640408,0.0747614086084508,0.0108613206676789
0.0367488660839079,0.0763928774660543,0.011237074384798
0.0359275697389407,0.0780309333664184,0.0116140130803584
0.0350880118222001,0.0796755771322985,0.0119913344435915
0.0342295847281107,0.0813268095716654,0.0123681593613505
0.0333516635071287,0.0829846314779854,0.012743524663165
0.0324536076902791,0.0846490436304968,0.0131163751149302
0.031534763682805,0.086320046794481,0.0134855545791666
0.0305944678464878,0.0879976417215292,0.013849796251016
0.0296320504148876,0.0896818291498052,0.0142077118696814
0.0286468404158484,0.0913726098043023,0.0145577797949563
0.0276381718123697,0.0930699843970971,0.0148983318279661
0.026605391117994,0.0947739536275978,0.015227538644519
0.0255478667982053,0.0964845181827886,0.0155433936989609
0.0244650008375566,0.0982016787374692,0.0158436954468059
0.0233562429366192,0.0999254359544903,0.01612602772667
0.0222519800145269,0.101633577996458,0.0163611331477666
0.0212321335089564,0.103280328972588,0.0166460204688699
0.0203322027321603,0.104985608139745,0.0170145334581153
0.0195499052515529,0.106731409387244,0.0174767070406922
0.0192116773868522,0.108515766935491,0.0176898470452304
0.0189616639547928,0.109299535978315,0.0179691540233412
0.0187302375968222,0.110082793773006,0.0182498353432011
0.0185110061178158,0.110865246959621,0.0185339450540464
0.0183038551373717,0.111646566162341,0.0188219452014615
0.0181086594103906,0.112426422666615,0.0191142809457321
0.0179252837560887,0.113204488556581,0.0194113798895221
0.0177535839768502,0.113980436851849,0.0197136514969007
0.0175934077599004,0.114753941643577,0.0200214866030996
0.0174445955553019,0.115524678229799,0.0203352570135574
0.0173069814243728,0.116292323249942,0.0206553151900549
0.0171803938532816,0.117056554818491,0.0209819940210526
0.0170646565272713,0.117817052657736,0.0213156066727392
0.0169595890616867,0.118573498229555,0.0216564465167762
0.0168650076867166,0.119325574866196,0.0220047871302914
0.0167807258834914,0.120072967899981,0.0223608823633342
0.0167065549698914,0.120815364791914,0.0227249664687495
0.0166423046351041,0.121552455259128,0.0230972542892648
0.0165877834226161,0.122283931401121,0.0234779414964944
0.0165427991619178,0.123009487824754,0.0238672048765589
0.016507159349744,0.123728821767948,0.0242652026570734
0.0164806714821542,0.124441633222042,0.0246720748703758
0.0164631433391766,0.125147625052782,0.0250879437480366
0.0164543832240959,0.125846503119875,0.0255129141419038
0.0164542001597611,0.126537976395085,0.0259470739671834
0.0164624040445182,0.127221757078833,0.0263904946633304
0.0164788057705507,0.127897560715244,0.0268432316688174
0.0165032173075267,0.128565106305626,0.0273053249061544
0.0165354517545258,0.129224116420327,0.0277767992738422
0.0165753233632361,0.129874317308939,0.0282576651422539
0.016622647535403,0.130515439008816,0.0287479188507451
0.0166772407974554,0.131147215451877,0.0292475432035917
0.0167389207551564,0.13176938456964,0.0297565079626388
0.016807506031021,0.132381688396487,0.0302747703348192
0.0166414839951626,0.132987850100665,0.0309371550581871
0.0168364263930411,0.134417290539337,0.0322009554267207
0.017035767255339,0.135846730978008,0.0334572483413201
0.0172408212354186,0.13727617141668,0.0347061202267065
0.0174528039057788,0.138705611855352,0.0359476566196274
0.0176728415603417,0.140135052294023,0.0371819385104614
0.0179019798904369,0.141564492732695,0.0384090394679958
0.0181411916772006,0.142993933171367,0.0396290233927641
0.0183913836235003,0.144423373610038,0.0408419427754171
0.0186534024317165,0.14585281404871,0.0420478373610842
0.0189280402193452,0.147282254487382,0.0432467331400613
0.0192160393520858,0.148711694926054,0.0444386416005655
0.0195180967635349,0.150141135364725,0.0456235591915825
0.0198348678215568,0.151570575803397,0.0468014669536816
0.0201669697936349,0.153000016242069,0.0479723302835807
0.0205149849568115,0.15442945668074,0.0491360988046244
0.0209486032475642,0.155873943787988,0.0502771895946152
0.0211201282063027,0.156577877871404,0.050807885035769
0.0212779795178124,0.15731573699842,0.0512949129316279
0.0214216453974604,0.158084592952375,0.0517362525073315
0.0215506596682787,0.158881390084516,0.052130065107372
0.0216646023774485,0.159702956970167,0.052474702343382
0.0217631003981262,0.160546018583658,0.0527687135085046
0.0218458280180688,0.161407208952555,0.0530108522216117
0.0219125075152182,0.162283084248821,0.0532000822667051
0.0219629097193061,0.163170136271629,0.0533355825950997
0.0219968545576243,0.164064806273728,0.0534167514604638
0.0220143362213765,0.164942875923733,0.0534435122417323
0.0220143362213765,0.166075876968515,0.0534435122417323
0.0220169738285434,0.167208878013296,0.0534497997352564
0.0220196114357142,0.168341879058078,0.0534560872287426
0.0220222490428887,0.169474880102859,0.0534623747221909
0.0220248866500671,0.170607881147641,0.0534686622156014
0.0220275242572492,0.171740882192422,0.0534749497089739
0.0220301618644352,0.172873883237204,0.0534812372023086
0.0220327994716249,0.174006884281985,0.0534875246956054
0.0220354370788185,0.175139885326766,0.0534938121888644
0.0220380746860158,0.176272886371548,0.0535000996820856
0.0220407122932169,0.177405887416329,0.053506387175269
0.0220433499004218,0.178538888461111,0.0535126746684145
0.0220459875076305,0.179671889505892,0.0535189621615223
0.022048625114843,0.180804890550674,0.0535252496545923
0.0220512627220592,0.181937891595455,0.0535315371476246
0.0220539003292793,0.183070892640237,0.0535378246406191
0.0220565379365031,0.184203893685018,0.0535441121335759
0.0220591755437307,0.1853368947298,0.053550399626495
0.0220618131509621,0.186469895774581,0.0535566871193764
0.0220644507581973,0.187602896819362,0.0535629746122201
0.0220670883654362,0.188735897864144,0.0535692621050261
0.022069725972679,0.189868898908925,0.0535755495977945
0.0220723635799255,0.191001899953707,0.0535818370905252
0.0220750011871757,0.192134900998488,0.0535881245832183
0.0220776387944298,0.19326790204327,0.0535944120758737
0.0220802764016876,0.194400903088051,0.0536006995684915
0.0220829140089492,0.195533904132833,0.0536069870610718
0.0220855516162145,0.196666905177614,0.0536132745536145
0.0220881892234836,0.197799906222396,0.0536195620461195
0.0220908268307565,0.198932907267177,0.0536258495385871
0.0220934644380332,0.200065908311958,0.0536321370310171
0.0220961020453136,0.20119890935674,0.0536384245234095
0.0220987396525977,0.202331910401521,0.0536447120157645
0.0221013772598857,0.203464911446303,0.0536509995080819
0.0221040148671773,0.204597912491084,0.0536572870003619
0.0221066524744728,0.205730913535866,0.0536635744926044
0.022109290081772,0.206863914580647,0.0536698619848094
0.0221119276890749,0.207996915625429,0.053676149476977
0.0221145652963816,0.20912991667021,0.0536824369691071
0.0221172029036921,0.210262917714992,0.0536887244611998
0.0221198405110063,0.211395918759773,0.0536950119532551
0.0221224781183243,0.212528919804555,0.053701299445273
0.022125115725646,0.213661920849336,0.0537075869372535
0.0221277533329714,0.214794921894117,0.0537138744291966
0.0221303909403006,0.215927922938899,0.0537201619211024
0.0221330285476335,0.21706092398368,0.0537264494129708
0.0221356661549702,0.218193925028462,0.0537327369048019
0.0221383037623106,0.219326926073243,0.0537390243965957
0.0221409413696548,0.220459927118025,0.0537453118883522
0.0221435789770027,0.221592928162806,0.0537515993800714
0.0221462165843543,0.222725929207588,0.0537578868717533
0.0221488541917097,0.223858930252369,0.0537641743633979
0.0221514917990688,0.224991931297151,0.0537704618550053
0.0221541294064316,0.226124932341932,0.0537767493465755
0.0221567670137982,0.227257933386713,0.0537830368381084
0.0221594046211685,0.228390934431495,0.0537893243296041
0.0221620422285425,0.229523935476276,0.0537956118210626
0.0221646798359202,0.230656936521058,0.0538018993124839
0.0221673174433017,0.231789937565839,0.053808186803868
0.0221699550506869,0.232922938610621,0.053814474295215
0.0221725926580758,0.234055939655402,0.0538207617865248
0.0221752302654685,0.235188940700184,0.0538270492777975
0.0221778678728649,0.236321941744965,0.0538333367690331
0.0221805054802649,0.237454942789747,0.0538396242602315
0.0221831430876687,0.238587943834528,0.0538459117513929
0.0221857806950763,0.23972094487931,0.0538521992425172
0.0221884183024875,0.240853945924091,0.0538584867336044
0.0221910559099024,0.241986946968872,0.0538647742246545
0.0221936935173211,0.243119948013654,0.0538710617156676
0.0221963311247435,0.244252949058435,0.0538773492066437
0.0221989687321696,0.245385950103217,0.0538836366975827
0.0222016063395993,0.246518951147998,0.0538899241884848
0.0222042439470328,0.24765195219278,0.0538962116793498
0.02220688155447,0.248784953237561,0.0539024991701779
0.022209519161911,0.249917954282343,0.053908786660969
0.0222121567693556,0.251050955327124,0.0539150741517231
0.0222147943768039,0.252183956371906,0.0539213616424403
0.0222174319842559,0.253316957416687,0.0539276491331206
0.0222200695917116,0.254449958461468,0.053933936623764
0.022222707199171,0.25558295950625,0.0539402241143704
0.0222253448066341,0.256715960551031,0.05394651160494
0.0222279824141009,0.257848961595813,0.0539527990954727
0.0222306200215714,0.258981962640594,0.0539590865859685
0.0222332576290456,0.260114963685376,0.0539653740764275
0.0222358952365235,0.261247964730157,0.0539716615668496
0.022238532844005,0.262380965774939,0.0539779490572349
0.0222411704514903,0.26351396681972,0.0539842365475834
0.0222438080589792,0.264646967864502,0.0539905240378951
0.0222464456664719,0.265779968909283,0.05399681152817
0.0222490832739682,0.266912969954064,0.0540030990184082
0.0222517208814682,0.268045970998846,0.0540093865086095
0.0222543584889719,0.269178972043627,0.0540156739987742
0.0222569960964792,0.270311973088409,0.054021961488902
0.0222596337039903,0.27144497413319,0.0540282489789932
0.022262271311505,0.272577975177972,0.0540345364690477
0.0222649089190234,0.273710976222753,0.0540408239590654
0.0222675465265455,0.274843977267535,0.0540471114490465
0.0222701841340712,0.275976978312316,0.0540533989389909
0.0222728217416006,0.277109979357098,0.0540596864288986
0.0222754593491337,0.278242980401879,0.0540659739187698
0.0222780969566705,0.279375981446661,0.0540722614086042
0.0222807345642109,0.280508982491442,0.0540785488984021
0.022283372171755,0.281641983536223,0.0540848363881633
0.0222860097793028,0.282774984581005,0.0540911238778879
0.0222886473868542,0.283907985625786,0.054097411367576
0.0222912849944093,0.285040986670568,0.0541036988572275
0.022293922601968,0.286173987715349,0.0541099863468424
0.0222965602095305,0.287306988760131,0.0541162738364208
0.0222991978170965,0.288439989804912,0.0541225613259627
0.0223018354246663,0.289572990849694,0.054128848815468
0.0223044730322397,0.290705991894475,0.0541351363049369
0.0223044730322397,0.299519791894475,0.0541351363049369
