0.0617315976379922,0.000490617603343791,0
0.0616713472218949,0.000718212835725242,0
0.0616104266373391,0.000947088916241891,0
0.0615488358621498,0.00117724652082701,0
0.0614865748728624,0.00140868630931902,0
0.0614236436448152,0.00164140892592528,0
0.0613600421522373,0.00187541499967218,0
0.0612957703683316,0.00211070514483852,0
0.0612308282653529,0.00234727996137576,0
0.0611652158146814,0.00258514003531341,0
0.061098932986893,0.0028242859391517,0
0.0610319797518246,0.00306471823224135,0
0.0609643560786367,0.00330643746114997,0
0.0608960619358714,0.00354944416001849,0
0.0608270972915081,0.00379373885090361,0
0.060757462113016,0.00403932204411106,0
0.0606871563674025,0.00428619423851782,0
0.0606161800212605,0.00453435592188296,0
0.0605445330408117,0.00478380757115028,0
0.0604722153919479,0.00503454965273989,0
0.0603992270402704,0.00528658262283123,0
0.060325567951126,0.00553990692763737,0
0.0602512380896423,0.00579452300367035,0
0.0601762374207597,0.00605043127799834,0
0.0601005659092625,0.00630763216849507,0
0.0600242235198074,0.00656612608408147,0
0.0599472102169509,0.00682591342495914,0
0.0598695259651749,0.00708699458283818,0
0.0597911707289108,0.00734936994115677,0
0.0597121444725616,0.00761303987529457,0
0.059632447160524,0.00787800475277956,0
0.0595520787572075,0.00814426493348896,0
0.0594710392270535,0.0084118207698439,0
0.059389328534553,0.00868067260699796,0
0.0593069466442629,0.00895082078302075,0
0.0592238935208211,0.00922226562907562,0
0.0591401691289617,0.00949500746959241,0
0.0590557734335277,0.00976904662243456,0
0.0589707063994841,0.0100443833990624,0
0.0588849679919296,0.0103210181046906,0
0.0587985581761074,0.0105989510384417,0
0.0587114769174159,0.0108781824934945,0
0.0586237241814175,0.01115871275723,0
0.0585352999338483,0.0114405421113703,0
0.0584462041406257,0.0117236708321163,0
0.0583564367678565,0.0120080991902798,0
0.0582659977818434,0.0122938274514124,0
0.058174887149092,0.0125808558759309,0
0.0580831048363168,0.0128691847192391,0
0.0579906508104465,0.0131588142318458,0
0.057897525038629,0.0134497446594804,0
0.0578037274882364,0.0137419762432042,0
0.0577092581268691,0.0140355092195197,0
0.0576141169223595,0.0143303438204763,0
0.0575183038427756,0.0146264802737729,0
0.057421818856424,0.0149239188028582,0
0.0573246619318532,0.0152226596270285,0
0.0572268330378554,0.0155227029615218,0
0.0571283321434693,0.0158240490176105,0
0.0570291592179817,0.0161266980026907,0
0.0569293142309295,0.0164306501203707,0
0.0568287971521006,0.016735905570554,0
0.0567276079515359,0.0170424645495243,0
0.0566257465995296,0.0173503272500245,0
0.0565232130666302,0.0176594938613363,0
0.0564200073236413,0.0179699645693555,0
0.0563161293416218,0.0182817395566675,0
0.0562115790918862,0.0185948190026193,0
0.0561063565460047,0.0189092030833901,0
0.0560004616758031,0.0192248919720604,0
0.0558938944533626,0.0195418858386787,0
0.0557866548510195,0.0198601848503273,0
0.0556787428413646,0.0201797891711852,0
0.0555701583972429,0.0205006989625914,0
0.0554609014917524,0.020822914383104,0
0.0553509720982439,0.0211464355885602,0
0.0552403701903195,0.0214712627321334,0
0.0551290957418322,0.021797395964389,0
0.0550171487268844,0.02212483543334,0
0.0549045291198268,0.022453581284499,0
0.0547912368952574,0.0227836336609313,0
0.0546772720280199,0.023114992703305,0
0.0545626344932026,0.0234476585499407,0
0.054447324266137,0.0237816313368598,0
0.0543313413223959,0.0241169111978315,0
0.0542146856377924,0.0244534982644186,0
0.0540973571883781,0.0247913926660229,0
0.0539793559504414,0.0251305945299282,0
0.0538606819005059,0.0254711039813437,0
0.053741335015329,0.0258129211434451,0
0.0536213152718997,0.026156046137416,0
0.0535006226474372,0.0265004790824869,0
0.0533792571193888,0.0268462200959747,0
0.0532572186654286,0.0271932692933197,0
0.0531345072634552,0.0275416267881238,0
0.0530111228915898,0.0278912926921855,0
0.052887065528175,0.0282422671155359,0
0.0527623351517721,0.028594550166473,0
0.0526369317411597,0.0289481419515951,0
0.0525108552753318,0.0293030425758343,0
0.0523841057334957,0.029659252142488,0
0.0522566830950699,0.0300167707532507,0
0.0521285873396828,0.0303755985082448,0
0.05199981844717,0.0307357355060503,0
0.0518703763975731,0.0310971818437342,0
0.0517402611711371,0.0314599376168793,0
0.0516094727483089,0.031824002919612,0
0.0514780111097353,0.0321893778446302,0
0.0513458762362607,0.0325560624832294,0
0.0512130681089259,0.0329240569253292,0
0.0510795867089653,0.0332933612594992,0
0.0509454320178055,0.0336639755729836,0
0.0508106040170635,0.0340358999517257,0
0.0506751026885442,0.0344091344803924,0
0.0505389280142392,0.0347836792423969,0
0.0504020799763242,0.0351595343199222,0
0.0502645585571578,0.0355366997939432,0
0.0501263637392789,0.0359151757442487,0
0.0499874955054056,0.0362949622494631,0
0.0498479538384325,0.036676059387067,0
0.0497077387214297,0.0370584672334181,0
0.0495668501376402,0.0374421858637711,0
0.0494252880704785,0.0378272153522978,0
0.0492830525035289,0.0382135557721055,0
0.0491401434205432,0.0386012071952571,0
0.0489965608054394,0.0389901696927883,0
0.0488523046422995,0.0393804433347265,0
0.0487073749153681,0.0397720281901086,0
0.0485617716090503,0.0401649243269975,0
0.0484154947079105,0.0405591318125,0
0.04826854419667,0.0409546507127828,0
0.0481209200602057,0.0413514810930891,0
0.0479726222835483,0.0417496230177545,0
0.0478236508518807,0.0421490765502225,0
0.0476740057505361,0.0425498417530597,0
0.0475236869649968,0.0429519186879715,0
0.0473726944808919,0.0433553074158154,0
0.0472210282839964,0.0437600079966172,0
0.0470686883602289,0.0441660204895834,0
0.0469156746956506,0.044573344953116,0
0.0467619872764633,0.0449819814448258,0
0.0466076260890081,0.0453919300215457,0
0.0464525911197638,0.0458031907393434,0
0.0462968823553452,0.0462157636535346,0
0.0461404997825016,0.0466296488186954,0
0.0459834433881158,0.0470448462886739,0
0.0458257131592019,0.0474613561166035,0
0.0456673090829041,0.0478791783549133,0
0.0455082311464955,0.0482983130553403,0
0.0453484793373764,0.048718760268941,0
0.0451880536430727,0.0491405200461018,0
0.0450269540512351,0.0495635924365503,0
0.0448651805496369,0.049987977489366,0
0.0447027331261735,0.0504136752529905,0
0.0445396117688601,0.0508406857752381,0
0.044375816465831,0.0512690091033056,0
0.0442113472053383,0.0516986452837821,0
0.0440462039757501,0.0521295943626592,0
0.0438803867655495,0.0525618563853398,0
0.0437138955633334,0.0529954313966479,0
0.0435467303578108,0.0534303194408377,0
0.0433788911378022,0.0538665205616023,0
0.0432103778922376,0.054304034802083,0
0.043041190610156,0.0547428622048774,0
0.0428713292807034,0.0551830028120481,0
0.0427007938931325,0.0556244566651313,0
0.0425295844368006,0.0560672238051445,0
0.042357700901169,0.0565113042725947,0
0.0421851432758018,0.0569566981074866,0
0.0420119115503643,0.0574034053493299,0
0.0418380057146224,0.0578514260371467,0
0.0416634257584413,0.05830076020948,0
0.0414881716717842,0.0587514079043995,0
0.0413122434447114,0.0592033691595101,0
0.0411356410673791,0.0596566440119583,0
0.0409583645300385,0.0601112324984391,0
0.0407804138230344,0.0605671346552031,0
0.0406017889368046,0.0610243505180629,0
0.0404224898618785,0.0614828801223998,0
0.0402425165888762,0.0619427235031703,0
0.0400618691085075,0.0624038806949123,0
0.039880547411571,0.0628663517317514,0
0.0396985514889529,0.0633301366474067,0
0.039515881331626,0.0637952354751975,0
0.0393325369306491,0.0642616482480484,0
0.0391485182771658,0.0647293749984954,0
0.0389638253624032,0.0651984157586921,0
0.0387784581776719,0.065668770560414,0
0.0385924167143639,0.0661404394350658,0
0.0384057009639529,0.0666134224136849,0
0.0382183109179923,0.0670877195269481,0
0.0380302465681151,0.0675633308051762,0
0.0378415079060326,0.0680402562783391,0
0.0376520949235339,0.0685184959760611,0
0.0374620076124845,0.0689980499276258,0
0.0372712459648261,0.0694789181619807,0
0.0370798099725751,0.0699611007077422,0
0.0368876996278223,0.0704445975932002,0
0.036694914922732,0.0709294088463229,0
0.0365014558495409,0.0714155344947612,0
0.0363073224005575,0.0719029745658531,0
0.0361125145681615,0.0723917290866283,0
0.0359170323448025,0.0728817980838122,0
0.035720875723,0.0733731815838305,0
0.0355240446953418,0.0738658796128131,0
0.0353265392544839,0.0743598921965985,0
0.0351283593931494,0.0748552193607374,0
0.0349295051041279,0.0753518611304972,0
0.0347299763802749,0.0758498175308654,0
0.0345297732145108,0.0763490885865538,0
0.0343288955998204,0.0768496743220021,0
0.034127343529252,0.0773515747613817,0
0.0339251169959172,0.0778547899285994,0
0.0337222159929895,0.0783593198473007,0
0.0335186405137043,0.0788651645408739,0
0.0333143905513578,0.0793723240324529,0
0.0331094660993064,0.0798807983449211,0
0.0329081940962501,0.0803793456591778,0
0.0327504776032381,0.0807815027119852,0
0.0326015466174201,0.0811871105258966,0
0.0324614786617935,0.0815959786651575,0
0.0323303471948502,0.0820079148631197,0
0.0322082215635325,0.0824227251062677,0
0.0320951669578077,0.0828402137196077,0
0.031991244366906,0.0832601834533921,0
0.0318965105372666,0.0836824355711534,0
0.0318110179322373,0.0841067699390161,0
0.0317348146935703,0.0845329851162589,0
0.0316679446047612,0.0849608784470912,0
0.0316104470562712,0.085390246153612,0
0.0315623570126789,0.0858208834299147,0
0.031523704981802,0.0862525845372984,0
0.0314945169858317,0.0866851429005495,0
0.0314748145345215,0.0871183512052485,0
0.0314646697807344,0.087559822450319,0
0.0314655340502066,0.0878409414205726,0
0.031469763500259,0.088122024280235,0
0.0314757604026716,0.088403064937912,0
0.0314835243307743,0.0886840522829327,0
0.0314930547880956,0.0889649752091171,0
0.0315043512084123,0.0892458226152147,0
0.0315174129558014,0.0895265834053419,0
0.0315322393246957,0.0898072464894181,0
0.0315488295399415,0.0900878007836025,0
0.0315671827568588,0.0903682352107293,0
0.0315872980613048,0.0906485387007427,0
0.0316091744697398,0.090928700191131,0
0.0316328109292956,0.0912087086273606,0
0.0316582063178471,0.0914885529633082,0
0.0316853594440864,0.0917682221616933,0
0.0317142690475989,0.0920477051945099,0
0.0317449337989433,0.0923269910434568,0
0.0317773522997331,0.0926060687003677,0
0.0318115230827216,0.0928849271676404,0
0.0318474446118888,0.0931635554586653,0
0.0318851152825319,0.0934419425982526,0
0.0319245334213573,0.0937200776230596,0
0.0319656972865759,0.0939979495820162,0
0.0320086050680012,0.0942755475367505,0
0.0320532548871492,0.0945528605620123,0
0.0320996447973418,0.0948298777460971,0
0.0321477727838121,0.0951065881912683,0
0.0321976367638125,0.0953829810141786,0
0.0322492345867257,0.0956590453462908,0
0.0323025640341777,0.0959347703342976,0
0.0323576228201535,0.09621014514054,0
0.0324144085911159,0.0964851589434251,0
0.0324729189261258,0.0967598009378431,0
0.032533151336966,0.0970340603355828,0
0.0325951032682672,0.0973079263657467,0
0.032658772097636,0.097581388275164,0
0.032724155135786,0.0978544353288042,0
0.0327912496266714,0.098127056810188,0
0.0328600527476226,0.0983992420217981,0
0.0329305616094845,0.0986709802854886,0
0.0330027732567576,0.0989422609428936,0
0.033076684667741,0.099213073355834,0
0.033152292754678,0.0994834069067239,0
0.0332295943639044,0.0997532509989755,0
0.033308586275999,0.100022595057403,0
0.0333892652059363,0.100291428528625,0
0.0334716278032419,0.100559740881466,0
0.0335556706521505,0.100827521607357,0
0.0336413902717654,0.101094760220734,0
0.0337287831162216,0.101361446259437,0
0.03381784557485,0.101627569285105,0
0.0339085739723448,0.101893118883572,0
0.0340009645689332,0.102158084665262,0
0.0340950135605467,0.102422456265579,0
0.0341907170789957,0.102686223345303,0
0.0342880711921454,0.102949375590977,0
0.034387071904095,0.103211902715295,0
0.0344877151553585,0.103473794457493,0
0.0345899968230478,0.103735040583733,0
0.0346939127210583,0.103995630887488,0
0.0347994586002569,0.104255555189927,0
0.0349066301486715,0.104514803340295,0
0.0350154229916838,0.104773365216294,0
0.0351258326922233,0.105031230724467,0
0.0352378547509641,0.105288389800567,0
0.0353514846065238,0.105544832409943,0
0.0354667176356644,0.105800548547909,0
0.0355835491534957,0.10605552824012,0
0.0357019744136802,0.106309761542943,0
0.0358219886086412,0.106563238543831,0
0.035943586869772,0.106815949361687,0
0.0360667642676477,0.107067884147237,0
0.0361915158122394,0.107319033083392,0
0.0363178364531297,0.107569386385616,0
0.0364457210797312,0.107818934302288,0
0.0365751645215063,0.108067667115064,0
0.0367061615481897,0.108315575139237,0
0.0368387068700125,0.108562648724094,0
0.0369727951379285,0.108808878253277,0
0.0371084209438428,0.109054254145136,0
0.0372455788208418,0.109298766853081,0
0.0373842632434258,0.10954240686594,0
0.0375244686277436,0.109785164708304,0
0.0376661893318282,0.110027030940878,0
0.0378094196558358,0.110267996160831,0
0.037954153842286,0.110508051002138,0
0.0381003860763037,0.110747186135928,0
0.0382481104858634,0.110985392270823,0
0.0383973211420359,0.111222660153282,0
0.0385480120592353,0.111458980567936,0
0.03870017719547,0.111694344337933,0
0.0388538104525939,0.111928742325265,0
0.0390089056765599,0.112162165431109,0
0.0391654566576763,0.112394604596157,0
0.0393234571308635,0.112626050800947,0
0.0394829007759138,0.11285649506619,0
0.0396437812177518,0.113085928453101,0
0.0398060920266982,0.113314342063722,0
0.0399698267187338,0.113541727041248,0
0.0401349787557665,0.113768074570346,0
0.0403015415458994,0.113993375877478,0
0.0404695084437009,0.114217622231218,0
0.0406388727504766,0.114440804942571,0
0.0408096277145428,0.114662915365285,0
0.0409817665315018,0.114883944896166,0
0.0411552823445191,0.115103884975388,0
0.0413301682446021,0.115322727086805,0
0.0415064172708804,0.115540462758256,0
0.0416840224108879,0.115757083561874,0
0.0418629766008472,0.115972581114385,0
0.0420456252930509,0.116189741821592,0
0.042269421992226,0.116454157866752,0
0.0424932186914012,0.116718573911911,0
0.0427170153905763,0.11698298995707,0
0.0429408120897515,0.117247406002229,0
0.0431646087889266,0.117511822047388,0
0.0433884054881018,0.117776238092547,0
0.0436122021872769,0.118040654137706,0
0.0438359988864521,0.118305070182865,0
0.0440597955856272,0.118569486228024,0
0.0442835922848024,0.118833902273183,0
0.0445073889839775,0.119098318318342,0
0.0447311856831526,0.119362734363502,0
0.0449549823823278,0.119627150408661,0
0.0451787790815029,0.11989156645382,0
0.0454025757806781,0.120155982498979,0
0.0456263724798532,0.120420398544138,0
0.0458501691790284,0.120684814589297,0
0.0460739658782035,0.120949230634456,0
0.0462977625773787,0.121213646679615,0
0.0465215592765538,0.121478062724774,0
0.046745355975729,0.121742478769933,0
0.0469691526749041,0.122006894815093,0
0.0471929493740792,0.122271310860252,0
0.0474167460732544,0.122535726905411,0
0.0476405427724295,0.12280014295057,0
0.0478643394716047,0.123064558995729,0
0.0480881361707798,0.123328975040888,0
0.048311932869955,0.123593391086047,0
0.0485357295691302,0.123857807131206,0
0.0487595262683053,0.124122223176365,0
0.0489833229674804,0.124386639221524,0
0.0492071196666556,0.124651055266683,0
0.0494309163658307,0.124915471311843,0
0.0496547130650058,0.125179887357002,0
0.049878509764181,0.125444303402161,0
0.0501023064633562,0.12570871944732,0
0.0503261031625313,0.125973135492479,0
0.0505498998617065,0.126237551537638,0
0.0507736965608816,0.126501967582797,0
0.0509974932600567,0.126766383627956,0
0.0512212899592319,0.127030799673115,0
0.051445086658407,0.127295215718274,0
0.0516688833575822,0.127559631763433,0
0.0518926800567574,0.127824047808593,0
0.0521164767559325,0.128088463853752,0
0.0523402734551076,0.128352879898911,0
0.0525640701542828,0.12861729594407,0
0.0527878668534579,0.128881711989229,0
0.0530116635526331,0.129146128034388,0
0.0532354602518082,0.129410544079547,0
0.0534592569509834,0.129674960124706,0
0.0536830536501585,0.129939376169865,0
0.0539068503493337,0.130203792215024,0
0.0541306470485088,0.130468208260184,0
0.0543615554596823,0.130741177155795,0
0.0545588486705748,0.130979001392365,0
0.0547518810386307,0.131220325500376,0
0.054940590350474,0.131465073641067,0
0.0551249157249066,0.131713168864674,0
0.0553047976329458,0.131964533133198,0
0.0554801779174959,0.132219087343544,0
0.0556509998126462,0.132476751351012,0
0.0558172079625903,0.132737443993166,0
0.0559787484401563,0.133001083114034,0
0.056135568764945,0.133267585588678,0
0.0562876179210662,0.133536867348087,0
0.0564348463744668,0.133808843404421,0
0.0565772060898451,0.134083427876576,0
0.0567146505471437,0.134360534016079,0
0.0568471347576137,0.1346400742333,0
0.0569746152794446,0.134921960123978,0
0.0570970502329535,0.135206102496044,0
0.0572143993153252,0.135492411396754,0
0.0573266238148996,0.13578079614011,0
0.0574336866249977,0.13607116533456,0
0.0575355522572813,0.136363426910986,0
0.0576321868546393,0.136657488150955,0
0.0577235582035955,0.136953255715233,0
0.0578096357462315,0.137250635672564,0
0.057890390591618,0.137549533528682,0
0.0579657955267505,0.137849854255575,0
0.0580358250269821,0.138151502320975,0
0.058100455265949,0.138454381718074,0
0.0581596641249819,0.138758395995451,0
0.0582134312020002,0.139063448287212,0
0.0582617378198813,0.139369441343321,0
0.0583045670343023,0.139676277560127,0
0.0583419036410469,0.139983859011064,0
0.0583737341827753,0.140292087477531,0
0.0584000469552501,0.140600864479922,0
0.0584208320130153,0.140910091308822,0
0.0584360811745238,0.141219669056333,0
0.0584457880267084,0.141529498647542,0
0.05845,0.141827845499117,0
0.05845,0.142296524552789,0
0.0584505586592179,0.142765203606461,0
0.0584511173184358,0.143233882660133,0
0.0584516759776536,0.143702561713805,0
0.0584522346368715,0.144171240767476,0
0.0584527932960894,0.144639919821148,0
0.0584533519553073,0.14510859887482,0
0.0584539106145251,0.145577277928492,0
0.058454469273743,0.146045956982164,0
0.0584550279329609,0.146514636035836,0
0.0584555865921788,0.146983315089508,0
0.0584561452513966,0.14745199414318,0
0.0584567039106145,0.147920673196851,0
0.0584572625698324,0.148389352250523,0
0.0584578212290503,0.148858031304195,0
0.0584583798882682,0.149326710357867,0
0.058458938547486,0.149795389411539,0
0.0584594972067039,0.150264068465211,0
0.0584600558659218,0.150732747518883,0
0.0584606145251397,0.151201426572555,0
0.0584611731843575,0.151670105626226,0
0.0584617318435754,0.152138784679898,0
0.0584622905027933,0.15260746373357,0
0.0584628491620112,0.153076142787242,0
0.0584634078212291,0.153544821840914,0
0.0584639664804469,0.154013500894586,0
0.0584645251396648,0.154482179948258,0
0.0584650837988827,0.15495085900193,0
0.0584656424581006,0.155419538055602,0
0.0584662011173184,0.155888217109273,0
0.0584667597765363,0.156356896162945,0
0.0584673184357542,0.156825575216617,0
0.0584678770949721,0.157294254270289,0
0.0584684357541899,0.157762933323961,0
0.0584689944134078,0.158231612377633,0
0.0584695530726257,0.158700291431305,0
0.0584701117318436,0.159168970484977,0
0.0584706703910614,0.159637649538648,0
0.0584712290502793,0.16010632859232,0
0.0584717877094972,0.160575007645992,0
0.0584723463687151,0.161043686699664,0
0.058472905027933,0.161512365753336,0
0.0584734636871508,0.161981044807008,0
0.0584740223463687,0.16244972386068,0
0.0584745810055866,0.162918402914352,0
0.0584751396648045,0.163387081968023,0
0.0584756983240223,0.163855761021695,0
0.0584762569832402,0.164324440075367,0
0.0584768156424581,0.164793119129039,0
0.058477374301676,0.165261798182711,0
0.0584779329608939,0.165730477236383,0
0.0584784916201117,0.166199156290055,0
0.0584790502793296,0.166667835343727,0
0.0584796089385475,0.167136514397398,0
0.0584801675977654,0.16760519345107,0
0.0584807262569832,0.168073872504742,0
0.0584812849162011,0.168542551558414,0
0.058481843575419,0.169011230612086,0
0.0584824022346369,0.169479909665758,0
0.0584829608938547,0.16994858871943,0
0.0584835195530726,0.170417267773102,0
0.0584840782122905,0.170885946826773,0
0.0584846368715084,0.171354625880445,0
0.0584851955307263,0.171823304934117,0
0.0584857541899441,0.172291983987789,0
0.058486312849162,0.172760663041461,0
0.0584868715083799,0.173229342095133,0
0.0584874301675978,0.173698021148805,0
0.0584879888268156,0.174166700202477,0
0.0584885474860335,0.174635379256148,0
0.0584891061452514,0.17510405830982,0
0.0584896648044693,0.175572737363492,0
0.0584902234636872,0.176041416417164,0
0.058490782122905,0.176510095470836,0
0.0584913407821229,0.176978774524508,0
0.0584918994413408,0.17744745357818,0
0.0584924581005587,0.177916132631852,0
0.0584930167597765,0.178384811685523,0
0.0584935754189944,0.178853490739195,0
0.0584941340782123,0.179322169792867,0
0.0584946927374302,0.179790848846539,0
0.058495251396648,0.180259527900211,0
0.0584958100558659,0.180728206953883,0
0.0584963687150838,0.181196886007555,0
0.0584969273743017,0.181665565061227,0
0.0584974860335195,0.182134244114898,0
0.0584980446927374,0.18260292316857,0
0.0584986033519553,0.183071602222242,0
0.0584991620111732,0.183540281275914,0
0.0584997206703911,0.184008960329586,0
0.0585002793296089,0.184477639383258,0
0.0585008379888268,0.18494631843693,0
0.0585013966480447,0.185414997490602,0
0.0585019553072626,0.185883676544273,0
0.0585025139664804,0.186352355597945,0
0.0585030726256983,0.186821034651617,0
0.0585036312849162,0.187289713705289,0
0.0585041899441341,0.187758392758961,0
0.058504748603352,0.188227071812633,0
0.0585053072625698,0.188695750866305,0
0.0585058659217877,0.189164429919977,0
0.0585064245810056,0.189633108973648,0
0.0585069832402235,0.19010178802732,0
0.0585075418994413,0.190570467080992,0
0.0585081005586592,0.191039146134664,0
0.0585086592178771,0.191507825188336,0
0.058509217877095,0.191976504242008,0
0.0585097765363128,0.19244518329568,0
0.0585103351955307,0.192913862349352,0
0.0585108938547486,0.193382541403024,0
0.0585114525139665,0.193851220456695,0
0.0585120111731844,0.194319899510367,0
0.0585125698324022,0.194788578564039,0
0.0585131284916201,0.195257257617711,0
0.058513687150838,0.195725936671383,0
0.0585142458100559,0.196194615725055,0
0.0585148044692737,0.196663294778727,0
0.0585153631284916,0.197131973832399,0
0.0585159217877095,0.19760065288607,0
0.0585164804469274,0.198069331939742,0
0.0585170391061453,0.198538010993414,0
0.0585175977653631,0.199006690047086,0
0.058518156424581,0.199475369100758,0
0.0585187150837989,0.19994404815443,0
0.0585192737430168,0.200412727208102,0
0.0585198324022346,0.200881406261774,0
0.0585203910614525,0.201350085315445,0
0.0585209497206704,0.201818764369117,0
0.0585215083798883,0.202287443422789,0
0.0585220670391061,0.202756122476461,0
0.058522625698324,0.203224801530133,0
0.0585231843575419,0.203693480583805,0
0.0585237430167598,0.204162159637477,0
0.0585243016759776,0.204630838691149,0
0.0585248603351955,0.20509951774482,0
0.0585254189944134,0.205568196798492,0
0.0585259776536313,0.206036875852164,0
0.0585265363128492,0.206505554905836,0
0.058527094972067,0.206974233959508,0
0.0585276536312849,0.20744291301318,0
0.0585282122905028,0.207911592066852,0
0.0585287709497207,0.208380271120524,0
0.0585293296089385,0.208848950174195,0
0.0585298882681564,0.209317629227867,0
0.0585304469273743,0.209786308281539,0
0.0585310055865922,0.210254987335211,0
0.0585315642458101,0.210723666388883,0
0.0585321229050279,0.211192345442555,0
0.0585326815642458,0.211661024496227,0
0.0585332402234637,0.212129703549899,0
0.0585337988826816,0.21259838260357,0
0.0585343575418994,0.213067061657242,0
0.0585349162011173,0.213535740710914,0
0.0585354748603352,0.214004419764586,0
0.0585360335195531,0.214473098818258,0
0.0585365921787709,0.21494177787193,0
0.0585371508379888,0.215410456925602,0
0.0585377094972067,0.215879135979274,0
0.0585382681564246,0.216347815032945,0
0.0585388268156425,0.216816494086617,0
0.0585393854748603,0.217285173140289,0
0.0585399441340782,0.217753852193961,0
0.0585405027932961,0.218222531247633,0
0.058541061452514,0.218691210301305,0
0.0585416201117318,0.219159889354977,0
0.0585421787709497,0.219628568408649,0
0.0585427374301676,0.22009724746232,0
0.0585432960893855,0.220565926515992,0
0.0585438547486034,0.221034605569664,0
0.0585444134078212,0.221503284623336,0
0.0585449720670391,0.221971963677008,0
0.058545530726257,0.22244064273068,0
0.0585460893854749,0.222909321784352,0
0.0585466480446927,0.223378000838024,0
0.0585472067039106,0.223846679891695,0
0.0585477653631285,0.224315358945367,0
0.0585483240223464,0.224784037999039,0
0.0585488826815642,0.225252717052711,0
0.0585494413407821,0.225721396106383,0
0.05855,0.226190075160055,0
0.0585505586592179,0.226658754213727,0
0.0585511173184358,0.227127433267399,0
0.0585516759776536,0.227596112321071,0
0.0585522346368715,0.228064791374742,0
0.0585527932960894,0.228533470428414,0
0.0585533519553073,0.229002149482086,0
0.0585539106145251,0.229470828535758,0
0.058554469273743,0.22993950758943,0
0.0585550279329609,0.230408186643102,0
0.0585555865921788,0.230876865696774,0
0.0585561452513967,0.231345544750446,0
0.0585567039106145,0.231814223804117,0
0.0585572625698324,0.232282902857789,0
0.0585578212290503,0.232751581911461,0
0.0585583798882682,0.233220260965133,0
0.058558938547486,0.233688940018805,0
0.0585594972067039,0.234157619072477,0
0.0585600558659218,0.234626298126149,0
0.0585606145251397,0.235094977179821,0
0.0585611731843575,0.235563656233492,0
0.0585617318435754,0.236032335287164,0
0.0585622905027933,0.236501014340836,0
0.0585628491620112,0.236969693394508,0
0.058563407821229,0.23743837244818,0
0.0585639664804469,0.237907051501852,0
0.0585645251396648,0.238375730555524,0
0.0585650837988827,0.238844409609196,0
0.0585656424581006,0.239313088662867,0
0.0585662011173184,0.239781767716539,0
0.0585667597765363,0.240250446770211,0
0.0585673184357542,0.240719125823883,0
0.0585678770949721,0.241187804877555,0
0.0585684357541899,0.241656483931227,0
0.0585689944134078,0.242125162984899,0
0.0585695530726257,0.242593842038571,0
0.0585701117318436,0.243062521092242,0
0.0585706703910615,0.243531200145914,0
0.0585712290502793,0.243999879199586,0
0.0585717877094972,0.244468558253258,0
0.0585723463687151,0.24493723730693,0
0.058572905027933,0.245405916360602,0
0.0585734636871508,0.245874595414274,0
0.0585740223463687,0.246343274467946,0
0.0585745810055866,0.246811953521617,0
0.0585751396648045,0.247280632575289,0
0.0585756983240223,0.247749311628961,0
0.0585762569832402,0.248217990682633,0
0.0585768156424581,0.248686669736305,0
0.058577374301676,0.249155348789977,0
0.0585779329608939,0.249624027843649,0
0.0585784916201117,0.250092706897321,0
0.0585790502793296,0.250561385950992,0
0.0585796089385475,0.251030065004664,0
0.0585801675977654,0.251498744058336,0
0.0585807262569832,0.251967423112008,0
0.0585812849162011,0.25243610216568,0
0.058581843575419,0.252904781219352,0
0.0585824022346369,0.253373460273024,0
0.0585829608938548,0.253842139326696,0
0.0585835195530726,0.254310818380368,0
0.0585840782122905,0.254779497434039,0
0.0585846368715084,0.255248176487711,0
0.0585851955307263,0.255716855541383,0
0.0585857541899441,0.256185534595055,0
0.058586312849162,0.256654213648727,0
0.0585868715083799,0.257122892702399,0
0.0585874301675978,0.257591571756071,0
0.0585879888268156,0.258060250809742,0
0.0585885474860335,0.258528929863414,0
0.0585891061452514,0.258997608917086,0
0.0585896648044693,0.259466287970758,0
0.0585902234636871,0.25993496702443,0
0.058590782122905,0.260403646078102,0
0.0585913407821229,0.260872325131774,0
0.0585918994413408,0.261341004185446,0
0.0585924581005587,0.261809683239118,0
0.0585930167597765,0.262278362292789,0
0.0585935754189944,0.262747041346461,0
0.0585941340782123,0.263215720400133,0
0.0585946927374302,0.263684399453805,0
0.058595251396648,0.264153078507477,0
0.0585958100558659,0.264621757561149,0
0.0585963687150838,0.265090436614821,0
0.0585969273743017,0.265559115668493,0
0.0585974860335196,0.266027794722164,0
0.0585980446927374,0.266496473775836,0
0.0585986033519553,0.266965152829508,0
0.0585991620111732,0.26743383188318,0
0.0585997206703911,0.267902510936852,0
0.0586002793296089,0.268371189990524,0
0.0586008379888268,0.268839869044196,0
0.0586013966480447,0.269308548097868,0
0.0586019553072626,0.269777227151539,0
0.0586025139664804,0.270245906205211,0
0.0586030726256983,0.270714585258883,0
0.0586036312849162,0.271183264312555,0
0.0586041899441341,0.271651943366227,0
0.058604748603352,0.272120622419899,0
0.0586053072625698,0.272589301473571,0
0.0586058659217877,0.273057980527243,0
0.0586064245810056,0.273526659580914,0
0.0586069832402235,0.273995338634586,0
0.0586075418994413,0.274464017688258,0
0.0586081005586592,0.27493269674193,0
0.0586086592178771,0.275401375795602,0
0.058609217877095,0.275870054849274,0
0.0586097765363129,0.276338733902946,0
0.0586103351955307,0.276807412956618,0
0.0586108938547486,0.277276092010289,0
0.0586114525139665,0.277744771063961,0
0.0586120111731844,0.278213450117633,0
0.0586125698324022,0.278682129171305,0
0.0586131284916201,0.279150808224977,0
0.058613687150838,0.279619487278649,0
0.0586142458100559,0.280088166332321,0
0.0586148044692737,0.280556845385993,0
0.0586153631284916,0.281025524439664,0
0.0586159217877095,0.281494203493336,0
0.0586164804469274,0.281962882547008,0
0.0586170391061452,0.28243156160068,0
0.0586175977653631,0.282900240654352,0
0.058618156424581,0.283368919708024,0
0.0586187150837989,0.283837598761696,0
0.0586192737430168,0.284306277815368,0
0.0586198324022346,0.284774956869039,0
0.0586203910614525,0.285243635922711,0
0.0586209497206704,0.285712314976383,0
0.0586215083798883,0.286180994030055,0
0.0586220670391061,0.286649673083727,0
0.058622625698324,0.287118352137399,0
0.0586231843575419,0.287587031191071,0
0.0586237430167598,0.288055710244743,0
0.0586243016759777,0.288524389298415,0
0.0586248603351955,0.288993068352086,0
0.0586254189944134,0.289461747405758,0
0.0586259776536313,0.28993042645943,0
0.0586265363128492,0.290399105513102,0
0.058627094972067,0.290867784566774,0
0.0586276536312849,0.291336463620446,0
0.0586282122905028,0.291805142674118,0
0.0586287709497207,0.292273821727789,0
0.0586293296089385,0.292742500781461,0
0.0586298882681564,0.293211179835133,0
0.0586304469273743,0.293679858888805,0
0.0586310055865922,0.294148537942477,0
0.0586315642458101,0.294617216996149,0
0.0586321229050279,0.295085896049821,0
0.0586326815642458,0.295554575103493,0
0.0586332402234637,0.296023254157164,0
0.0586337988826816,0.296491933210836,0
0.0586343575418994,0.296960612264508,0
0.0586349162011173,0.29742929131818,0
0.0586354748603352,0.297897970371852,0
0.0586360335195531,0.298366649425524,0
0.058636592178771,0.298835328479196,0
0.0586371508379888,0.299304007532868,0
0.0586377094972067,0.29977268658654,0
0.0586382681564246,0.300241365640211,0
0.0586388268156425,0.300710044693883,0
0.0586393854748603,0.301178723747555,0
0.0586399441340782,0.301647402801227,0
0.0586405027932961,0.302116081854899,0
0.058641061452514,0.302584760908571,0
0.0586416201117318,0.303053439962243,0
0.0586421787709497,0.303522119015915,0
0.0586427374301676,0.303990798069586,0
0.0586432960893855,0.304459477123258,0
0.0586438547486033,0.30492815617693,0
0.0586444134078212,0.305396835230602,0
0.0586449720670391,0.305865514284274,0
0.058645530726257,0.306334193337946,0
0.0586460893854749,0.306802872391618,0
0.0586466480446927,0.30727155144529,0
0.0586472067039106,0.307740230498961,0
0.0586477653631285,0.308208909552633,0
0.0586483240223464,0.308677588606305,0
0.0586488826815642,0.309146267659977,0
0.0586494413407821,0.309614946713649,0
0.05865,0.310083625767321,0
