0.0720243457606082,0.00139738610539971,0
0.0719376822327867,0.00172588478469896,0
0.0718503004039946,0.00205539899763706,0
0.0717622003534378,0.00238592948626191,0
0.0716733821572109,0.00271747698257686,0
0.0715838458883857,0.00305004220870036,0
0.0714935916170982,0.00338362587701671,0
0.0714026194106321,0.00371822869033068,0
0.0713109293335012,0.00405385134201354,0
0.0712185214475287,0.00439049451615131,0
0.0711253958119238,0.00472815888768901,0
0.0710315524833576,0.00506684512257001,0
0.0709369915160354,0.00540655387787773,0
0.0708417129617679,0.00574728580197139,0
0.0707457168700403,0.00608904153461939,0
0.0706490032880784,0.00643182170713509,0
0.0705515722609151,0.00677562694250256,0
0.0704534238314526,0.00712045785550719,0
0.0703545580405242,0.00746631505286132,0
0.0702549749269544,0.00781319913332696,0
0.0701546745276169,0.00816111068783743,0
0.070053656877491,0.00851005029961839,0
0.0699519220097169,0.00886001854430239,0
0.0698494699556488,0.00921101599004855,0
0.0697463007449071,0.00956304319765154,0
0.0696424144054289,0.0099161007206578,0
0.0695378109635169,0.0102701891054717,0
0.0694324904438875,0.0106253088914657,0
0.0693264528697173,0.0109814606110861,0
0.0692196982626876,0.0113386447899571,0
0.0691122266430292,0.011696861946984,0
0.0690040380295648,0.012056112594453,0
0.0688951324397499,0.0124163972381327,0
0.068785509889714,0.0127777163773702,0
0.0686751703943001,0.0131400705051857,0
0.0685641139671016,0.013503460108371,0
0.0684523406205007,0.0138678856675778,0
0.0683398503657042,0.0142333476574118,0
0.068226643212778,0.0145998465465229,0
0.0681127191706825,0.01496738279769,0
0.0679980782473045,0.0153359568679121,0
0.0678827204494903,0.0157055692084915,0
0.0677666457830774,0.0160762202651165,0
0.0676498542529241,0.0164479104779478,0
0.0675323458629402,0.0168206402816957,0
0.0674141206161152,0.0171944101057024,0
0.0672951785145471,0.01756922037402,0
0.0671755195594693,0.0179450715054875,0
0.0670551437512772,0.018321963913807,0
0.0669340510895546,0.0186998980076182,0
0.0668122415730982,0.019078874190573,0
0.0666897151999425,0.0194588928614061,0
0.0665664719673838,0.0198399544140075,0
0.0664425118720029,0.020222059237492,0
0.0663178349096879,0.020605207716268,0
0.0661924410756562,0.0209894002301054,0
0.0660663303644758,0.0213746371542023,0
0.0659395027700861,0.0217609188592497,0
0.0658119582858176,0.0221482457114974,0
0.0656836969044124,0.0225366180728166,0
0.0655547186180426,0.0229260363007614,0
0.0654250234183292,0.0233165007486323,0
0.06529461129636,0.023708011765535,0
0.0651634822427076,0.02410056969644,0
0.0650316362474458,0.0244941748822419,0
0.0648990733001669,0.0248888276598159,0
0.0647657933899974,0.0252845283620751,0
0.0646317965056143,0.0256812773180258,0
0.0644970826352597,0.0260790748528227,0
0.0643616517667564,0.0264779212878225,0
0.0642255038875218,0.0268778169406371,0
0.0640886389845824,0.0272787621251858,0
0.0639510570445875,0.0276807571517464,0
0.0638127580538222,0.0280838023270069,0
0.0636737419982207,0.0284878979541134,0
0.0635340088633788,0.0288930443327209,0
0.063393558634566,0.0292992417590406,0
0.0632523912967381,0.0297064905258871,0
0.0631105068345477,0.0301147909227263,0
0.0629679052323569,0.0305241432357192,0
0.0628245864742466,0.0309345477477705,0
0.0626805505440289,0.0313460047385693,0
0.0625357974252562,0.0317585144846357,0
0.062390327101232,0.032172077259363,0
0.0622441395550205,0.03258669333306,0
0.0620972347694561,0.0330023629729933,0
0.061949612727153,0.0334190864434279,0
0.0618012734105137,0.0338368640056684,0
0.0616522168017384,0.0342556959180981,0
0.0615024428828331,0.0346755824362191,0
0.0613519516356181,0.0350965238126907,0
0.061200743041736,0.0355185202973666,0
0.0610488170826597,0.0359415721373341,0
0.0608961737396998,0.0363656795769496,0
0.0607428129940125,0.0367908428578753,0
0.0605887348266061,0.0372170622191154,0
0.0604339392183487,0.0376443378970512,0
0.0602784261499745,0.0380726701254751,0
0.060122195602091,0.0385020591356259,0
0.059965247555185,0.0389325051562214,0
0.0598075819896287,0.0393640084134927,0
0.0596491988856865,0.0397965691312153,0
0.0594900982235203,0.0402301875307431,0
0.0593302799831957,0.0406648638310383,0
0.059169744144687,0.0411005982487037,0
0.0590084906878832,0.0415373909980131,0
0.0588465195925932,0.0419752422909415,0
0.0586838308385505,0.0424141523371952,0
0.0585204244054188,0.0428541213442403,0
0.0583563002727962,0.0432951495173327,0
0.0581914584202207,0.043737237059546,0
0.0580258988271738,0.0441803841717993,0
0.0578596214730859,0.0446245910528858,0
0.0576926263373398,0.0450698578994991,0
0.0575249133992757,0.0455161849062599,0
0.057356482638194,0.0459635722657439,0
0.0571873340333612,0.0464120201685054,0
0.0570174675640115,0.046861528803106,0
0.0568468832093523,0.0473120983561369,0
0.056675580948567,0.0477637290122456,0
0.0565035607608183,0.0482164209541604,0
0.0563308226252524,0.0486701743627133,0
0.0561573665210016,0.0491249894168655,0
0.0559831924271877,0.0495808662937298,0
0.0558083003229253,0.0500378051685936,0
0.0556326901873245,0.050495806214943,0
0.0554563619994941,0.0509548696044833,0
0.0552793157385444,0.0514149955071632,0
0.0551015513835897,0.051876184091195,0
0.0549230689137512,0.0523384355230774,0
0.0547438683081596,0.0528017499676154,0
0.0545639495459575,0.0532661275879421,0
0.0543833126063018,0.0537315685455393,0
0.0542019574683663,0.0541980730002573,0
0.0540198841113435,0.0546656411103355,0
0.0538370925144476,0.0551342730324214,0
0.0536535826569156,0.0556039689215905,0
0.0534693545180102,0.056074728931366,0
0.0532844080770217,0.0565465532137362,0
0.0530987433132693,0.0570194419191748,0
0.052912360206104,0.057493395196658,0
0.0527252587349095,0.0579684131936836,0
0.0525374388791044,0.0584444960562882,0
0.052348900618144,0.0589216439290645,0
0.0521596439315215,0.0593998569551798,0
0.0519696687987702,0.0598791352763921,0
0.0517789751994644,0.0603594790330673,0
0.0515875631132215,0.0608408883641961,0
0.0513954325197028,0.0613233634074096,0
0.0512025833986155,0.0618069042989966,0
0.0510090157297136,0.0622915111739186,0
0.0508147294927995,0.0627771841658261,0
0.0506197246677248,0.0632639234070739,0
0.0504240012343922,0.0637517290287363,0
0.0502275591727559,0.0642406011606223,0
0.0500303984628232,0.0647305399312906,0
0.0498325190846556,0.0652215454680641,0
0.0496339210183695,0.0657136178970444,0
0.0494346042441375,0.066206757343126,0
0.0492345687421891,0.0667009639300109,0
0.0490338144928118,0.0671962377802215,0
0.0488323414763522,0.0676925790151154,0
0.0486301496732163,0.0681899877548979,0
0.0484272390638707,0.0686884641186363,0
0.0482236096288435,0.0691880082242722,0
0.0480192613487247,0.0696886201886353,0
0.0478141942041671,0.0701903001274551,0
0.0476084081758871,0.0706930481553746,0
0.0474019032446651,0.0711968643859623,0
0.0471946793913463,0.0717017489317246,0
0.0469867365968415,0.0722077019041175,0
0.0467780748421272,0.0727147234135594,0
0.0465686941082466,0.0732228135694418,0
0.0463585943763099,0.0737319724801423,0
0.0461477756274948,0.0742422002530345,0
0.0459362378430472,0.0747534969945008,0
0.0457239810042812,0.0752658628099431,0
0.0455110050925801,0.0757792978037931,0
0.0452973100893963,0.0762938020795243,0
0.0450828959762522,0.0768093757396621,0
0.04486776273474,0.0773260188857945,0
0.0446519103465224,0.077843731618583,0
0.0444353387933329,0.0783625140377723,0
0.044218048056976,0.0788823662422006,0
0.0440000381193275,0.0794032883298104,0
0.0437813089623351,0.0799252803976572,0
0.0435618605680178,0.0804483425419209,0
0.0433416929184671,0.0809724748579137,0
0.0431208059958469,0.081497677440091,0
0.0428991997823931,0.0820239503820602,0
0.0426768742604149,0.0825512937765903,0
0.0424538294122938,0.0830797077156209,0
0.0422300652204846,0.0836091922902713,0
0.0420055816675153,0.0841397475908495,0
0.041780378735987,0.0846713737068609,0
0.0415544564085741,0.0852040707270175,0
0.0413278146680247,0.0857378387392459,0
0.0411004534971603,0.0862726778306959,0
0.040872372878876,0.0868085880877498,0
0.0406435727961408,0.0873455695960289,0
0.0404140532319971,0.0878836224404035,0
0.0401838141695612,0.0884227467050002,0
0.0399528555920233,0.0889629424732096,0
0.0397211774826472,0.0895042098276947,0
0.0394887798247705,0.0900465488503982,0
0.0392556626018048,0.0905899596225508,0
0.0390218257972352,0.0911344422246784,0
0.0387872693946206,0.0916799967366093,0
0.0385519933775937,0.0922266232374823,0
0.0383159977298606,0.0927743218057534,0
0.0380792824352014,0.0933230925192034,0
0.0378418474774694,0.0938729354549448,0
0.0376036928405913,0.0944238506894287,0
0.0373648185085673,0.0949758382984525,0
0.037125224465471,0.0955288983571656,0
0.0368849106954489,0.0960830309400773,0
0.0366438771827208,0.0966382361210627,0
0.0364181178506848,0.0971547395623932,0
0.0362583361630308,0.0975265085820987,0
0.0361069047481008,0.0979020305630423,0
0.0359639165494868,0.0982811217332021,0
0.0358294606365827,0.0986635958069146,0
0.0357036221277726,0.0990492640587266,0
0.0355864821146519,0.0994379353999301,0
0.0354781175873857,0.0998294164577857,0
0.0353786013613124,0.100223511657435,0
0.0352880020048978,0.100620023306501,0
0.0352063837691507,0.101018751682361,0
0.0351338065186072,0.10141949512209,0
0.0350703256639955,0.101822050115049,0
0.0350159920966906,0.102226211398099,0
0.0349708521250692,0.102631772053409,0
0.0349349474128764,0.103038523608836,0
0.0349083149197133,0.103446256140831,0
0.0348911973618601,0.103883685756867,0
0.0348919902270221,0.104157822493853,0
0.0348961661425689,0.104431922735908,0
0.0349020655826071,0.104705980862335,0
0.0349096881169935,0.104979986038928,0
0.0349190332475248,0.105253927436047,0
0.0349301004079888,0.105527794229052,0
0.0349428889642179,0.105801575598724,0
0.034957398214145,0.106075260731691,0
0.0349736273878626,0.106348838820854,0
0.0349915756476838,0.106622299065816,0
0.0350112420882071,0.106895630673297,0
0.0350326257363825,0.107168822857562,0
0.0350557255515812,0.107441864840847,0
0.0350805404256675,0.107714745853772,0
0.0351070691830734,0.107987455135771,0
0.0351353105808757,0.108259981935505,0
0.0351652633088759,0.108532315511288,0
0.0351969259896824,0.1088044451315,0
0.035230297178796,0.109076360075009,0
0.0352653753646965,0.109348049631586,0
0.0353021589689335,0.109619503102322,0
0.035340646346219,0.109890709800045,0
0.0353808357845221,0.110161659049733,0
0.0354227255051673,0.110432340188927,0
0.0354663136629341,0.110702742568146,0
0.0355115983461607,0.1109728555513,0
0.0355585775768482,0.111242668516097,0
0.0356072493107691,0.111512170854458,0
0.0356576114375774,0.111781351972923,0
0.0357096617809213,0.11205020129306,0
0.0357633980985585,0.112318708251875,0
0.0358188180824737,0.112586862302215,0
0.035875919358999,0.112854652913175,0
0.0359346994889365,0.113122069570502,0
0.0359951559676829,0.113389101777002,0
0.0360572862253576,0.113655739052934,0
0.0361210876269323,0.113921970936421,0
0.0361865574723631,0.114187786983844,0
0.0362536929967254,0.114453176770243,0
0.036322491370351,0.114718129889716,0
0.0363929496989674,0.114982635955815,0
0.03646506502384,0.115246684601943,0
0.0365388343219157,0.115510265481747,0
0.0366142545059699,0.115773368269512,0
0.0366913224247553,0.116035982660557,0
0.036770034863153,0.116298098371621,0
0.036850388542326,0.116559705141256,0
0.0369323801198752,0.116820792730216,0
0.0370160061899975,0.117081350921845,0
0.0371012632836462,0.117341369522463,0
0.0371881478686935,0.11760083836175,0
0.0372766563500958,0.117859747293132,0
0.0373667850700609,0.118118086194163,0
0.037458530308217,0.118375844966907,0
0.0375518882817854,0.118633013538318,0
0.037646855145753,0.118889581860618,0
0.0377434269930499,0.119145539911676,0
0.0378415998547269,0.119400877695384,0
0.0379413697001362,0.119655585242032,0
0.0380427324371145,0.119909652608682,0
0.0381456839121671,0.120163069879539,0
0.038250219910656,0.120415827166323,0
0.0383563361569882,0.120667914608639,0
0.0384640283148076,0.120919322374344,0
0.0385732919871883,0.121170040659916,0
0.03868412271683,0.121420059690817,0
0.0387965159862563,0.121669369721857,0
0.0389104672180138,0.121917961037558,0
0.0390259717748741,0.122165823952517,0
0.0391430249600384,0.122412948811759,0
0.0392616220173427,0.122659325991104,0
0.0393817581314661,0.122904945897515,0
0.0395034284281412,0.123149798969461,0
0.0396266279743657,0.123393875677266,0
0.0397513517786171,0.123637166523462,0
0.0398775947910685,0.123879662043141,0
0.0400053519038063,0.124121352804303,0
0.0401346179510515,0.124362229408205,0
0.0402653877093806,0.124602282489707,0
0.0403976558979502,0.124841502717615,0
0.0405314171787228,0.125079880795025,0
0.0406666661566946,0.125317407459666,0
0.0408033973801259,0.125554073484237,0
0.0409416053407723,0.125789869676747,0
0.0410812844741179,0.126024786880854,0
0.0412224291596125,0.126258815976195,0
0.0413650337209067,0.126491947878722,0
0.0415090924260932,0.126724173541038,0
0.0416545994879467,0.126955483952718,0
0.0418015490641674,0.127185870140648,0
0.0419499352576253,0.127415323169344,0
0.0420997521166073,0.127643834141279,0
0.0422509936350656,0.127871394197213,0
0.0424036537528674,0.128097994516505,0
0.0425577263560471,0.128323626317439,0
0.0427132052770605,0.128548280857545,0
0.0428700842950394,0.128771949433908,0
0.0430283571360497,0.12899462338349,0
0.0431880174733501,0.129216294083442,0
0.0433490589276522,0.129436952951414,0
0.0435114750673839,0.129656591445866,0
0.0436752594089527,0.129875201066376,0
0.0438404054170124,0.130092773353948,0
0.0440069065047288,0.130309299891314,0
0.044174756034051,0.130524772303239,0
0.044343947315981,0.130739182256822,0
0.0445144736108458,0.130952521461797,0
0.0446863281285719,0.131164781670825,0
0.0448595040289613,0.131375954679797,0
0.0450339944219681,0.131586032328124,0
0.0452172205564224,0.131803830853675,0
0.0454160689429952,0.132038754160582,0
0.0456149173295679,0.132273677467488,0
0.0458137657161409,0.132508600774395,0
0.0460126141027135,0.132743524081302,0
0.0462114624892865,0.132978447388208,0
0.0464103108758593,0.133213370695115,0
0.046609159262432,0.133448294002022,0
0.046808007649005,0.133683217308928,0
0.0470068560355776,0.133918140615835,0
0.0472057044221506,0.134153063922742,0
0.0474045528087234,0.134387987229648,0
0.0476034011952961,0.134622910536555,0
0.0478022495818689,0.134857833843462,0
0.0480010979684419,0.135092757150368,0
0.0481999463550147,0.135327680457275,0
0.0483987947415875,0.135562603764182,0
0.0485976431281602,0.135797527071088,0
0.048796491514733,0.136032450377995,0
0.048995339901306,0.136267373684902,0
0.0491941882878788,0.136502296991808,0
0.0493930366744516,0.136737220298715,0
0.0495918850610243,0.136972143605622,0
0.0497907334475971,0.137207066912528,0
0.0499895818341701,0.137441990219435,0
0.0501884302207429,0.137676913526342,0
0.0503872786073157,0.137911836833248,0
0.0505861269938885,0.138146760140155,0
0.0507849753804612,0.138381683447061,0
0.0509838237670342,0.138616606753968,0
0.051182672153607,0.138851530060875,0
0.0513815205401797,0.139086453367781,0
0.0515803689267526,0.139321376674688,0
0.0517792173133253,0.139556299981595,0
0.0519780656998983,0.139791223288502,0
0.0521769140864711,0.140026146595408,0
0.0523757624730438,0.140261069902315,0
0.0525746108596168,0.140495993209221,0
0.0527734592461894,0.140730916516128,0
0.0529723076327624,0.140965839823035,0
0.0531711560193352,0.141200763129941,0
0.0533700044059079,0.141435686436848,0
0.0535688527924809,0.141670609743755,0
0.0537677011790535,0.141905533050661,0
0.0539665495656265,0.142140456357568,0
0.0541653979521993,0.142375379664475,0
0.054364246338772,0.142610302971381,0
0.054563094725345,0.142845226278288,0
0.0547619431119176,0.143080149585195,0
0.0549607914984906,0.143315072892101,0
0.0551596398850634,0.143549996199008,0
0.0553584882716361,0.143784919505915,0
0.0555573366582091,0.144019842812821,0
0.0557561850447817,0.144254766119728,0
0.0559550334313547,0.144489689426635,0
0.0561752869868047,0.144750355509451,0
0.0564062854977088,0.145029640695257,0
0.0566322766954991,0.145313022679548,0
0.056853187791861,0.14560041220453,0
0.0570689475711863,0.145891718713895,0
0.0572794864139408,0.146186850379881,0
0.0574847363195942,0.14648571413075,0
0.0576846309290971,0.146788215678693,0
0.0578791055469023,0.147094259548148,0
0.0580680971625186,0.147403749104531,0
0.0582515444715926,0.147716586583363,0
0.0584293878965085,0.148032673119802,0
0.0586015696064968,0.148351908778545,0
0.0587680335372487,0.148674192584134,0
0.0589287254100227,0.148999422551617,0
0.059083592750241,0.14932749571758,0
0.0592325849055646,0.149658308171542,0
0.0593756530634417,0.14999175508769,0
0.0595127502681214,0.150327730756963,0
0.0596438314371248,0.150666128619467,0
0.0597688533771684,0.151006841297213,0
0.0598877747995302,0.151349760627172,0
0.0600005563348537,0.151694777694636,0
0.0601071605473824,0.152041782866883,0
0.0602075519486175,0.152390665827119,0
0.0603016970103929,0.152741315608713,0
0.0603895641773617,0.153093620629689,0
0.0604711238788867,0.15344746872749,0
0.0605463485403295,0.153802747193984,0
0.0606152125937323,0.154159342810714,0
0.060677692487887,0.154517141884377,0
0.0607337666977845,0.154876030282525,0
0.0607834157334404,0.155235893469469,0
0.0608266221480909,0.155596616542393,0
0.060863370545754,0.155958084267642,0
0.0608936475881514,0.1563201811172,0
0.060917442000985,0.156682791305323,0
0.0609347445795654,0.157045798825335,0
0.0609455481937867,0.15740908748656,0
0.06095,0.157738529861101,0
0.06095,0.158293766189538,0
0.0609512569832402,0.158849002517975,0
0.0609525139664804,0.159404238846412,0
0.0609537709497207,0.159959475174848,0
0.0609550279329609,0.160514711503285,0
0.0609562849162011,0.161069947831722,0
0.0609575418994413,0.161625184160159,0
0.0609587988826816,0.162180420488596,0
0.0609600558659218,0.162735656817033,0
0.060961312849162,0.163290893145469,0
0.0609625698324022,0.163846129473906,0
0.0609638268156425,0.164401365802343,0
0.0609650837988827,0.16495660213078,0
0.0609663407821229,0.165511838459217,0
0.0609675977653631,0.166067074787654,0
0.0609688547486033,0.16662231111609,0
0.0609701117318436,0.167177547444527,0
0.0609713687150838,0.167732783772964,0
0.060972625698324,0.168288020101401,0
0.0609738826815642,0.168843256429838,0
0.0609751396648045,0.169398492758275,0
0.0609763966480447,0.169953729086711,0
0.0609776536312849,0.170508965415148,0
0.0609789106145251,0.171064201743585,0
0.0609801675977654,0.171619438072022,0
0.0609814245810056,0.172174674400459,0
0.0609826815642458,0.172729910728895,0
0.060983938547486,0.173285147057332,0
0.0609851955307263,0.173840383385769,0
0.0609864525139665,0.174395619714206,0
0.0609877094972067,0.174950856042643,0
0.0609889664804469,0.17550609237108,0
0.0609902234636871,0.176061328699516,0
0.0609914804469274,0.176616565027953,0
0.0609927374301676,0.17717180135639,0
0.0609939944134078,0.177727037684827,0
0.060995251396648,0.178282274013264,0
0.0609965083798883,0.178837510341701,0
0.0609977653631285,0.179392746670137,0
0.0609990223463687,0.179947982998574,0
0.0610002793296089,0.180503219327011,0
0.0610015363128492,0.181058455655448,0
0.0610027932960894,0.181613691983885,0
0.0610040502793296,0.182168928312322,0
0.0610053072625698,0.182724164640758,0
0.0610065642458101,0.183279400969195,0
0.0610078212290503,0.183834637297632,0
0.0610090782122905,0.184389873626069,0
0.0610103351955307,0.184945109954506,0
0.0610115921787709,0.185500346282943,0
0.0610128491620112,0.186055582611379,0
0.0610141061452514,0.186610818939816,0
0.0610153631284916,0.187166055268253,0
0.0610166201117318,0.18772129159669,0
0.0610178770949721,0.188276527925127,0
0.0610191340782123,0.188831764253564,0
0.0610203910614525,0.189387000582,0
0.0610216480446927,0.189942236910437,0
0.061022905027933,0.190497473238874,0
0.0610241620111732,0.191052709567311,0
0.0610254189944134,0.191607945895748,0
0.0610266759776536,0.192163182224184,0
0.0610279329608939,0.192718418552621,0
0.0610291899441341,0.193273654881058,0
0.0610304469273743,0.193828891209495,0
0.0610317039106145,0.194384127537932,0
0.0610329608938548,0.194939363866369,0
0.061034217877095,0.195494600194805,0
0.0610354748603352,0.196049836523242,0
0.0610367318435754,0.196605072851679,0
0.0610379888268156,0.197160309180116,0
0.0610392458100559,0.197715545508553,0
0.0610405027932961,0.19827078183699,0
0.0610417597765363,0.198826018165426,0
0.0610430167597765,0.199381254493863,0
0.0610442737430168,0.1999364908223,0
0.061045530726257,0.200491727150737,0
0.0610467877094972,0.201046963479174,0
0.0610480446927374,0.201602199807611,0
0.0610493016759777,0.202157436136047,0
0.0610505586592179,0.202712672464484,0
0.0610518156424581,0.203267908792921,0
0.0610530726256983,0.203823145121358,0
0.0610543296089385,0.204378381449795,0
0.0610555865921788,0.204933617778232,0
0.061056843575419,0.205488854106668,0
0.0610581005586592,0.206044090435105,0
0.0610593575418994,0.206599326763542,0
0.0610606145251397,0.207154563091979,0
0.0610618715083799,0.207709799420416,0
0.0610631284916201,0.208265035748853,0
0.0610643854748603,0.208820272077289,0
0.0610656424581006,0.209375508405726,0
0.0610668994413408,0.209930744734163,0
0.061068156424581,0.2104859810626,0
0.0610694134078212,0.211041217391037,0
0.0610706703910615,0.211596453719474,0
0.0610719273743017,0.21215169004791,0
0.0610731843575419,0.212706926376347,0
0.0610744413407821,0.213262162704784,0
0.0610756983240223,0.213817399033221,0
0.0610769553072626,0.214372635361658,0
0.0610782122905028,0.214927871690095,0
0.061079469273743,0.215483108018531,0
0.0610807262569832,0.216038344346968,0
0.0610819832402235,0.216593580675405,0
0.0610832402234637,0.217148817003842,0
0.0610844972067039,0.217704053332279,0
0.0610857541899441,0.218259289660715,0
0.0610870111731844,0.218814525989152,0
0.0610882681564246,0.219369762317589,0
0.0610895251396648,0.219924998646026,0
0.061090782122905,0.220480234974463,0
0.0610920391061453,0.2210354713029,0
0.0610932960893855,0.221590707631336,0
0.0610945530726257,0.222145943959773,0
0.0610958100558659,0.22270118028821,0
0.0610970670391061,0.223256416616647,0
0.0610983240223464,0.223811652945084,0
0.0610995810055866,0.224366889273521,0
0.0611008379888268,0.224922125601957,0
0.061102094972067,0.225477361930394,0
0.0611033519553073,0.226032598258831,0
0.0611046089385475,0.226587834587268,0
0.0611058659217877,0.227143070915705,0
0.0611071229050279,0.227698307244142,0
0.0611083798882682,0.228253543572578,0
0.0611096368715084,0.228808779901015,0
0.0611108938547486,0.229364016229452,0
0.0611121508379888,0.229919252557889,0
0.0611134078212291,0.230474488886326,0
0.0611146648044693,0.231029725214763,0
0.0611159217877095,0.231584961543199,0
0.0611171787709497,0.232140197871636,0
0.0611184357541899,0.232695434200073,0
0.0611196927374302,0.23325067052851,0
0.0611209497206704,0.233805906856947,0
0.0611222067039106,0.234361143185384,0
0.0611234636871508,0.23491637951382,0
0.0611247206703911,0.235471615842257,0
0.0611259776536313,0.236026852170694,0
0.0611272346368715,0.236582088499131,0
0.0611284916201117,0.237137324827568,0
0.061129748603352,0.237692561156005,0
0.0611310055865922,0.238247797484441,0
0.0611322625698324,0.238803033812878,0
0.0611335195530726,0.239358270141315,0
0.0611347765363129,0.239913506469752,0
0.0611360335195531,0.240468742798189,0
0.0611372905027933,0.241023979126625,0
0.0611385474860335,0.241579215455062,0
0.0611398044692737,0.242134451783499,0
0.061141061452514,0.242689688111936,0
0.0611423184357542,0.243244924440373,0
0.0611435754189944,0.24380016076881,0
0.0611448324022346,0.244355397097246,0
0.0611460893854749,0.244910633425683,0
0.0611473463687151,0.24546586975412,0
0.0611486033519553,0.246021106082557,0
0.0611498603351955,0.246576342410994,0
0.0611511173184358,0.247131578739431,0
0.061152374301676,0.247686815067867,0
0.0611536312849162,0.248242051396304,0
0.0611548882681564,0.248797287724741,0
0.0611561452513966,0.249352524053178,0
0.0611574022346369,0.249907760381615,0
0.0611586592178771,0.250462996710052,0
0.0611599162011173,0.251018233038488,0
0.0611611731843575,0.251573469366925,0
0.0611624301675978,0.252128705695362,0
0.061163687150838,0.252683942023799,0
0.0611649441340782,0.253239178352236,0
0.0611662011173184,0.253794414680673,0
0.0611674581005587,0.254349651009109,0
0.0611687150837989,0.254904887337546,0
0.0611699720670391,0.255460123665983,0
0.0611712290502793,0.25601535999442,0
0.0611724860335196,0.256570596322857,0
0.0611737430167598,0.257125832651294,0
0.061175,0.25768106897973,0
0.0611762569832402,0.258236305308167,0
0.0611775139664804,0.258791541636604,0
0.0611787709497207,0.259346777965041,0
0.0611800279329609,0.259902014293478,0
0.0611812849162011,0.260457250621914,0
0.0611825418994413,0.261012486950351,0
0.0611837988826816,0.261567723278788,0
0.0611850558659218,0.262122959607225,0
0.061186312849162,0.262678195935662,0
0.0611875698324022,0.263233432264099,0
0.0611888268156425,0.263788668592535,0
0.0611900837988827,0.264343904920972,0
0.0611913407821229,0.264899141249409,0
0.0611925977653631,0.265454377577846,0
0.0611938547486034,0.266009613906283,0
0.0611951117318436,0.26656485023472,0
0.0611963687150838,0.267120086563156,0
0.061197625698324,0.267675322891593,0
0.0611988826815642,0.26823055922003,0
0.0612001396648045,0.268785795548467,0
0.0612013966480447,0.269341031876904,0
0.0612026536312849,0.269896268205341,0
0.0612039106145251,0.270451504533777,0
0.0612051675977654,0.271006740862214,0
0.0612064245810056,0.271561977190651,0
0.0612076815642458,0.272117213519088,0
0.061208938547486,0.272672449847525,0
0.0612101955307263,0.273227686175962,0
0.0612114525139665,0.273782922504398,0
0.0612127094972067,0.274338158832835,0
0.0612139664804469,0.274893395161272,0
0.0612152234636872,0.275448631489709,0
0.0612164804469274,0.276003867818146,0
0.0612177374301676,0.276559104146583,0
0.0612189944134078,0.277114340475019,0
0.061220251396648,0.277669576803456,0
0.0612215083798883,0.278224813131893,0
0.0612227653631285,0.27878004946033,0
0.0612240223463687,0.279335285788767,0
0.0612252793296089,0.279890522117204,0
0.0612265363128492,0.28044575844564,0
0.0612277932960894,0.281000994774077,0
0.0612290502793296,0.281556231102514,0
0.0612303072625698,0.282111467430951,0
0.0612315642458101,0.282666703759388,0
0.0612328212290503,0.283221940087825,0
0.0612340782122905,0.283777176416261,0
0.0612353351955307,0.284332412744698,0
0.0612365921787709,0.284887649073135,0
0.0612378491620112,0.285442885401572,0
0.0612391061452514,0.285998121730009,0
0.0612403631284916,0.286553358058446,0
0.0612416201117318,0.287108594386882,0
0.0612428770949721,0.287663830715319,0
0.0612441340782123,0.288219067043756,0
0.0612453910614525,0.288774303372193,0
0.0612466480446927,0.28932953970063,0
0.061247905027933,0.289884776029066,0
0.0612491620111732,0.290440012357503,0
0.0612504189944134,0.29099524868594,0
0.0612516759776536,0.291550485014377,0
0.0612529329608939,0.292105721342814,0
0.0612541899441341,0.292660957671251,0
0.0612554469273743,0.293216193999687,0
0.0612567039106145,0.293771430328124,0
0.0612579608938547,0.294326666656561,0
0.061259217877095,0.294881902984998,0
0.0612604748603352,0.295437139313435,0
0.0612617318435754,0.295992375641872,0
0.0612629888268156,0.296547611970308,0
0.0612642458100559,0.297102848298745,0
0.0612655027932961,0.297658084627182,0
0.0612667597765363,0.298213320955619,0
0.0612680167597765,0.298768557284056,0
0.0612692737430168,0.299323793612493,0
0.061270530726257,0.299879029940929,0
0.0612717877094972,0.300434266269366,0
0.0612730446927374,0.300989502597803,0
0.0612743016759777,0.30154473892624,0
0.0612755586592179,0.302099975254677,0
0.0612768156424581,0.302655211583114,0
0.0612780726256983,0.30321044791155,0
0.0612793296089385,0.303765684239987,0
0.0612805865921788,0.304320920568424,0
0.061281843575419,0.304876156896861,0
0.0612831005586592,0.305431393225298,0
0.0612843575418994,0.305986629553735,0
0.0612856145251397,0.306541865882171,0
0.0612868715083799,0.307097102210608,0
0.0612881284916201,0.307652338539045,0
0.0612893854748603,0.308207574867482,0
0.0612906424581006,0.308762811195919,0
0.0612918994413408,0.309318047524355,0
0.061293156424581,0.309873283852792,0
0.0612944134078212,0.310428520181229,0
0.0612956703910615,0.310983756509666,0
0.0612969273743017,0.311538992838103,0
0.0612981843575419,0.31209422916654,0
0.0612994413407821,0.312649465494976,0
0.0613006983240223,0.313204701823413,0
0.0613019553072626,0.31375993815185,0
0.0613032122905028,0.314315174480287,0
0.061304469273743,0.314870410808724,0
0.0613057262569832,0.315425647137161,0
0.0613069832402235,0.315980883465597,0
0.0613082402234637,0.316536119794034,0
0.0613094972067039,0.317091356122471,0
0.0613107541899441,0.317646592450908,0
0.0613120111731844,0.318201828779345,0
0.0613132681564246,0.318757065107782,0
0.0613145251396648,0.319312301436218,0
0.061315782122905,0.319867537764655,0
0.0613170391061452,0.320422774093092,0
0.0613182960893855,0.320978010421529,0
0.0613195530726257,0.321533246749966,0
0.0613208100558659,0.322088483078403,0
0.0613220670391061,0.322643719406839,0
0.0613233240223464,0.323198955735276,0
0.0613245810055866,0.323754192063713,0
0.0613258379888268,0.32430942839215,0
0.061327094972067,0.324864664720587,0
0.0613283519553073,0.325419901049024,0
0.0613296089385475,0.32597513737746,0
0.0613308659217877,0.326530373705897,0
0.0613321229050279,0.327085610034334,0
0.0613333798882682,0.327640846362771,0
0.0613346368715084,0.328196082691208,0
0.0613358938547486,0.328751319019644,0
0.0613371508379888,0.329306555348081,0
0.061338407821229,0.329861791676518,0
0.0613396648044693,0.330417028004955,0
0.0613409217877095,0.330972264333392,0
0.0613421787709497,0.331527500661829,0
0.0613434357541899,0.332082736990265,0
0.0613446927374302,0.332637973318702,0
0.0613459497206704,0.333193209647139,0
0.0613472067039106,0.333748445975576,0
0.0613484636871508,0.334303682304013,0
0.0613497206703911,0.33485891863245,0
0.0613509776536313,0.335414154960886,0
0.0613522346368715,0.335969391289323,0
0.0613534916201117,0.33652462761776,0
0.061354748603352,0.337079863946197,0
0.0613560055865922,0.337635100274634,0
0.0613572625698324,0.338190336603071,0
0.0613585195530726,0.338745572931507,0
0.0613597765363128,0.339300809259944,0
0.0613610335195531,0.339856045588381,0
0.0613622905027933,0.340411281916818,0
0.0613635474860335,0.340966518245255,0
0.0613648044692737,0.341521754573692,0
0.061366061452514,0.342076990902128,0
0.0613673184357542,0.342632227230565,0
0.0613685754189944,0.343187463559002,0
0.0613698324022346,0.343742699887439,0
0.0613710893854749,0.344297936215876,0
0.0613723463687151,0.344853172544313,0
0.0613736033519553,0.345408408872749,0
0.0613748603351955,0.345963645201186,0
0.0613761173184358,0.346518881529623,0
0.061377374301676,0.34707411785806,0
0.0613786312849162,0.347629354186497,0
0.0613798882681564,0.348184590514934,0
0.0613811452513967,0.34873982684337,0
0.0613824022346369,0.349295063171807,0
0.0613836592178771,0.349850299500244,0
0.0613849162011173,0.350405535828681,0
0.0613861731843575,0.350960772157118,0
0.0613874301675978,0.351516008485555,0
0.061388687150838,0.352071244813991,0
0.0613899441340782,0.352626481142428,0
0.0613912011173184,0.353181717470865,0
0.0613924581005587,0.353736953799302,0
0.0613937150837989,0.354292190127739,0
0.0613949720670391,0.354847426456176,0
0.0613962290502793,0.355402662784612,0
0.0613974860335195,0.355957899113049,0
0.0613987430167598,0.356513135441486,0
0.0614,0.357068371769923,0
