0.0642512658021382,0.000477650917989357,0
0.0638768138094284,0.00212311431667345,0
0.0634907180337313,0.00377888563121646,0
0.0630929812863329,0.00544497085075875,0
0.0626836062284965,0.00712137585356323,0
0.0622625953782848,0.00880810640706076,0
0.0618299511171126,0.0105051681681046,0
0.0613856756960377,0.0122125666834139,0
0.0609297712417965,0.0139303073901871,0
0.0604622397625913,0.0156583956168683,0
0.0599830831536373,0.0173968365840511,0
0.0594923032024766,0.0191456354055033,0
0.0589899015940667,0.0209047970893011,0
0.0584758799156512,0.022674326539058,0
0.0579502396614199,0.024454228555238,0
0.0574129822369664,0.026244507836542,0
0.0568641089635497,0.0280451689813576,0
0.056303621082168,0.0298562164892625,0
0.0557315197574512,0.0316776547625747,0
0.0551478060813792,0.03350948810794,0
0.0545524810768335,0.0353517207379516,0
0.0539455457009877,0.0372043567727937,0
0.0533270008485438,0.0390674002419049,0
0.0526968473548213,0.0409408550856548,0
0.0520550859987045,0.0428247251570304,0
0.0514017175054536,0.0447190142233259,0
0.0507367425493868,0.0466237259678342,0
0.050060161756437,0.0485388639915352,0
0.0493719757065905,0.0504644318147777,0
0.0486721849362109,0.0524004328789529,0
0.0479607899402546,0.0543468705481558,0
0.0472377911743827,0.0563037481108332,0
0.0465031890569724,0.0582710687814155,0
0.0457569839710343,0.0602488357019315,0
0.0449991762660386,0.0622370519436028,0
0.0442297662596546,0.0642357205084187,0
0.0434487542394078,0.0662448443306887,0
0.0426561404642577,0.0682644262785721,0
0.0418519251661002,0.0702944691555842,0
0.0410361085511987,0.0723349757020774,0
0.0402086908015457,0.074385948596698,0
0.0393696720761602,0.0764473904578165,0
0.0385190525123212,0.0785193038449324,0
0.0376568322267434,0.0806016912600529,0
0.0367830113166945,0.0826945551490442,0
0.0358975898610598,0.0847978979029572,0
0.0350005679213545,0.0869117218593254,0
0.0340919455426873,0.0890360293034374,0
0.0331717227546766,0.091170822469581,0
0.0322398995723229,0.0933161035422625,0
0.0312964759968379,0.0954718746573982,0
0.0303414520164336,0.0976381379034808,0
0.0293748276070727,0.099814895322719,0
0.0284308078811653,0.101916439952663,0
0.0276437578818812,0.104011528758135,0
0.0271508320936457,0.106197662849336,0
0.0269654603336234,0.108507753368305,0
0.0269722431981249,0.109231504865645,0
0.0270013381423252,0.109954587062819,0
0.0270444335759155,0.110676809069945,0
0.027101503992275,0.111397900284591,0
0.027172518674967,0.112117590889437,0
0.0272574417232105,0.112835611951709,0
0.0273562320792108,0.113551695521732,0
0.0274688435573196,0.114265574730583,0
0.0275952248749929,0.114976983886813,0
0.0277353196855134,0.11568565857219,0
0.0278890666124462,0.116391335736461,0
0.0280563992857944,0.117093753791075,0
0.0282372463798212,0.117792652701857,0
0.0284315316525052,0.11848777408061,0
0.0286391739865949,0.119178861275606,0
0.028860087432228,0.119865659460946,0
0.0290941812510824,0.120547915724777,0
0.029341359962023,0.121225379156334,0
0.0296015233882107,0.121897800931783,0
0.0298745667056392,0.122564934398857,0
0.0301603804930642,0.123226535160261,0
0.0304588507832912,0.123882361155826,0
0.0307698591157869,0.124532172743399,0
0.0310932825905799,0.12517573277845,0
0.0314289939234164,0.125812806692393,0
0.0317768615021366,0.126443162569595,0
0.0321438650881888,0.127078759037476,0
0.0340563098970254,0.130318972365893,0
0.035968754705862,0.13355918569431,0
0.0378811995146986,0.136799399022727,0
0.0397936443235352,0.140039612351144,0
0.0417060891323718,0.143279825679561,0
0.0436185339412083,0.146520039007978,0
0.0455309787500449,0.149760252336395,0
0.0474434235588815,0.153000465664812,0
0.0493558683677181,0.156240678993229,0
0.0512683131765547,0.159480892321646,0
0.0531807579853913,0.162721105650063,0
0.0550932027942279,0.16596131897848,0
0.0570329371756868,0.169250428022942,0
0.057463432310621,0.170039550721103,0
0.0578477040636547,0.170852695280547,0
0.0581843934337858,0.171687176290982,0
0.058472295157261,0.172540228879845,0
0.0587103626785258,0.173409017273304,0
0.0588977126703507,0.174290643706177,0
0.0590336290746006,0.17518215765989,0
0.0591175666357493,0.176080565404882,0
0.05915,0.176924670383656,0
0.05915,0.178257436957696,0
0.0591556818181818,0.179590203531736,0
0.0591613636363636,0.180922970105776,0
0.0591670454545455,0.182255736679817,0
0.0591727272727273,0.183588503253857,0
0.0591784090909091,0.184921269827897,0
0.0591840909090909,0.186254036401937,0
0.0591897727272727,0.187586802975977,0
0.0591954545454545,0.188919569550018,0
0.0592011363636364,0.190252336124058,0
0.0592068181818182,0.191585102698098,0
0.0592125,0.192917869272138,0
0.0592181818181818,0.194250635846178,0
0.0592238636363636,0.195583402420219,0
0.0592295454545455,0.196916168994259,0
0.0592352272727273,0.198248935568299,0
0.0592409090909091,0.199581702142339,0
0.0592465909090909,0.200914468716379,0
0.0592522727272727,0.20224723529042,0
0.0592579545454545,0.20358000186446,0
0.0592636363636364,0.2049127684385,0
0.0592693181818182,0.20624553501254,0
0.059275,0.20757830158658,0
0.0592806818181818,0.208911068160621,0
0.0592863636363636,0.210243834734661,0
0.0592920454545455,0.211576601308701,0
0.0592977272727273,0.212909367882741,0
0.0593034090909091,0.214242134456781,0
0.0593090909090909,0.215574901030821,0
0.0593147727272727,0.216907667604862,0
0.0593204545454545,0.218240434178902,0
0.0593261363636364,0.219573200752942,0
0.0593318181818182,0.220905967326982,0
0.0593375,0.222238733901022,0
0.0593431818181818,0.223571500475063,0
0.0593488636363636,0.224904267049103,0
0.0593545454545455,0.226237033623143,0
0.0593602272727273,0.227569800197183,0
0.0593659090909091,0.228902566771223,0
0.0593715909090909,0.230235333345264,0
0.0593772727272727,0.231568099919304,0
0.0593829545454545,0.232900866493344,0
0.0593886363636364,0.234233633067384,0
0.0593943181818182,0.235566399641424,0
0.0594,0.236899166215465,0
0.0594056818181818,0.238231932789505,0
0.0594113636363636,0.239564699363545,0
0.0594170454545455,0.240897465937585,0
0.0594227272727273,0.242230232511625,0
0.0594284090909091,0.243562999085666,0
0.0594340909090909,0.244895765659706,0
0.0594397727272727,0.246228532233746,0
0.0594454545454545,0.247561298807786,0
0.0594511363636364,0.248894065381826,0
0.0594568181818182,0.250226831955867,0
0.0594625,0.251559598529907,0
0.0594681818181818,0.252892365103947,0
0.0594738636363636,0.254225131677987,0
0.0594795454545455,0.255557898252027,0
0.0594852272727273,0.256890664826067,0
0.0594909090909091,0.258223431400108,0
0.0594965909090909,0.259556197974148,0
0.0595022727272727,0.260888964548188,0
0.0595079545454545,0.262221731122228,0
0.0595136363636364,0.263554497696268,0
0.0595193181818182,0.264887264270309,0
0.059525,0.266220030844349,0
0.0595306818181818,0.267552797418389,0
0.0595363636363636,0.268885563992429,0
0.0595420454545455,0.270218330566469,0
0.0595477272727273,0.27155109714051,0
0.0595534090909091,0.27288386371455,0
0.0595590909090909,0.27421663028859,0
0.0595647727272727,0.27554939686263,0
0.0595704545454545,0.27688216343667,0
0.0595761363636364,0.278214930010711,0
0.0595818181818182,0.279547696584751,0
0.0595875,0.280880463158791,0
0.0595931818181818,0.282213229732831,0
0.0595988636363636,0.283545996306871,0
0.0596045454545455,0.284878762880912,0
0.0596102272727273,0.286211529454952,0
0.0596159090909091,0.287544296028992,0
0.0596215909090909,0.288877062603032,0
0.0596272727272727,0.290209829177072,0
0.0596329545454545,0.291542595751113,0
0.0596386363636364,0.292875362325153,0
0.0596443181818182,0.294208128899193,0
0.05965,0.295540895473233,0
